x^2 on 189.b3
#E(F_p)	#E(Q)	index
totalsplit	totalinert	totalramified	totalsplitpercentage
split	inert	ramified	splitpercentage
p = 2
3	3	1
3	0	2	1.0
3	0	2	1.0
p = 5
9	9	1
5	4	2	0.5555555555555556
5	4	2	0.5555555555555556
p = 11
18	18	1
12	6	2	0.6666666666666666
12	6	2	0.6666666666666666
p = 13
18	18	1
10	8	1	0.5555555555555556
10	8	1	0.5555555555555556
p = 17
21	21	1
9	12	0	0.42857142857142855
9	12	0	0.42857142857142855
p = 19
18	18	1
6	12	0	0.3333333333333333
6	12	0	0.3333333333333333
p = 23
18	9	2
10	8	0	0.5555555555555556
5	4	0	0.5555555555555556
p = 29
24	24	1
10	14	0	0.4166666666666667
10	14	0	0.4166666666666667
p = 31
36	36	1
16	20	0	0.4444444444444444
16	20	0	0.4444444444444444
p = 37
45	45	1
27	18	0	0.6
27	18	0	0.6
p = 41
39	39	1
19	20	2	0.48717948717948717
19	20	2	0.48717948717948717
p = 43
45	45	1
23	22	2	0.5111111111111111
23	22	2	0.5111111111111111
p = 47
57	57	1
33	24	2	0.5789473684210527
33	24	2	0.5789473684210527
p = 53
48	24	2
30	18	0	0.625
14	10	0	0.5833333333333334
p = 59
69	69	1
35	34	2	0.5072463768115942
35	34	2	0.5072463768115942
p = 61
72	72	1
35	37	2	0.4861111111111111
35	37	2	0.4861111111111111
p = 67
72	36	2
34	38	0	0.4722222222222222
14	22	0	0.3888888888888889
p = 71
72	12	6
36	36	2	0.5
6	6	0	0.5
p = 73
72	12	6
38	34	0	0.5277777777777778
8	4	0	0.6666666666666666
p = 79
81	27	3
39	42	2	0.48148148148148145
11	16	2	0.4074074074074074
p = 83
87	87	1
49	38	2	0.5632183908045977
49	38	2	0.5632183908045977
p = 89
96	24	4
46	50	2	0.4791666666666667
10	14	0	0.4166666666666667
p = 97
108	108	1
56	52	0	0.5185185185185185
56	52	0	0.5185185185185185
p = 101
108	54	2
47	61	0	0.4351851851851852
19	35	0	0.35185185185185186
p = 103
90	45	2
38	52	2	0.4222222222222222
21	24	0	0.4666666666666667
p = 107
114	57	2
61	53	0	0.5350877192982456
29	28	0	0.5087719298245614
p = 109
99	99	1
55	44	0	0.5555555555555556
55	44	0	0.5555555555555556
p = 113
102	102	1
55	47	0	0.5392156862745098
55	47	0	0.5392156862745098
p = 127
135	45	3
71	64	2	0.5259259259259259
21	24	0	0.4666666666666667
p = 131
144	18	8
70	74	0	0.4861111111111111
11	7	0	0.6111111111111112
p = 137
126	126	1
70	56	2	0.5555555555555556
70	56	2	0.5555555555555556
p = 139
162	162	1
77	85	2	0.47530864197530864
77	85	2	0.47530864197530864
p = 149
144	144	1
70	74	2	0.4861111111111111
70	74	2	0.4861111111111111
p = 151
171	171	1
87	84	0	0.5087719298245614
87	84	0	0.5087719298245614
p = 157
144	144	1
81	63	2	0.5625
81	63	2	0.5625
p = 163
171	171	1
95	76	0	0.5555555555555556
95	76	0	0.5555555555555556
p = 167
165	165	1
79	86	2	0.47878787878787876
79	86	2	0.47878787878787876
p = 173
156	39	4
79	77	0	0.5064102564102564
17	22	0	0.4358974358974359
p = 179
192	192	1
105	87	0	0.546875
105	87	0	0.546875
p = 181
162	27	6
91	71	2	0.5617283950617284
19	8	0	0.7037037037037037
p = 191
210	105	2
113	97	0	0.5380952380952381
53	52	0	0.5047619047619047
p = 193
207	207	1
113	94	0	0.5458937198067633
113	94	0	0.5458937198067633
p = 197
180	60	3
91	89	2	0.5055555555555555
27	33	0	0.45
p = 199
180	90	2
87	93	2	0.48333333333333334
39	51	2	0.43333333333333335
p = 211
216	27	8
111	105	2	0.5138888888888888
7	20	0	0.25925925925925924
p = 223
216	24	9
99	117	0	0.4583333333333333
7	17	0	0.2916666666666667
p = 227
216	108	2
115	101	2	0.5324074074074074
55	53	0	0.5092592592592593
p = 229
234	117	2
108	126	0	0.46153846153846156
61	56	0	0.5213675213675214
p = 233
258	258	1
137	121	0	0.5310077519379846
137	121	0	0.5310077519379846
p = 239
228	228	1
115	113	2	0.5043859649122807
115	113	2	0.5043859649122807
p = 241
234	234	1
114	120	0	0.48717948717948717
114	120	0	0.48717948717948717
p = 251
279	93	3
129	150	0	0.46236559139784944
49	44	0	0.5268817204301075
p = 257
252	126	2
135	117	0	0.5357142857142857
64	62	0	0.5079365079365079
p = 263
252	252	1
135	117	0	0.5357142857142857
135	117	0	0.5357142857142857
p = 269
273	273	1
141	132	0	0.5164835164835165
141	132	0	0.5164835164835165
p = 271
270	45	6
133	137	0	0.4925925925925926
19	26	0	0.4222222222222222
p = 277
261	261	1
127	134	2	0.48659003831417624
127	134	2	0.48659003831417624
p = 281
312	78	4
168	144	2	0.5384615384615384
42	36	0	0.5384615384615384
p = 283
270	90	3
128	142	2	0.4740740740740741
32	58	0	0.35555555555555557
p = 293
327	327	1
177	150	2	0.5412844036697247
177	150	2	0.5412844036697247
p = 307
306	51	6
149	157	0	0.4869281045751634
21	30	0	0.4117647058823529
p = 311
321	321	1
165	156	0	0.514018691588785
165	156	0	0.514018691588785
p = 313
306	153	2
165	141	2	0.5392156862745098
87	66	0	0.5686274509803921
p = 317
336	168	2
175	161	2	0.5208333333333334
95	73	0	0.5654761904761905
p = 331
333	333	1
179	154	0	0.5375375375375375
179	154	0	0.5375375375375375
p = 337
351	117	3
171	180	2	0.48717948717948717
53	64	0	0.452991452991453
p = 347
348	348	1
189	159	0	0.5431034482758621
189	159	0	0.5431034482758621
p = 349
342	171	2
157	185	0	0.4590643274853801
79	92	0	0.4619883040935672
p = 353
333	333	1
183	150	2	0.5495495495495496
183	150	2	0.5495495495495496
p = 359
366	183	2
181	185	2	0.49453551912568305
87	96	2	0.47540983606557374
p = 367
378	63	6
186	192	2	0.49206349206349204
37	26	0	0.5873015873015873
p = 373
351	351	1
177	174	2	0.5042735042735043
177	174	2	0.5042735042735043
p = 379
351	117	3
163	188	0	0.46438746438746437
59	58	0	0.5042735042735043
p = 383
369	369	1
187	182	2	0.5067750677506775
187	182	2	0.5067750677506775
p = 389
396	396	1
195	201	0	0.49242424242424243
195	201	0	0.49242424242424243
p = 397
396	99	4
203	193	0	0.5126262626262627
57	42	0	0.5757575757575758
p = 401
414	207	2
217	197	2	0.5241545893719807
105	102	0	0.5072463768115942
p = 409
414	207	2
193	221	0	0.46618357487922707
97	110	0	0.46859903381642515
p = 419
399	399	1
201	198	0	0.5037593984962406
201	198	0	0.5037593984962406
p = 421
432	24	18
229	203	0	0.5300925925925926
11	13	0	0.4583333333333333
p = 431
444	111	4
214	230	2	0.481981981981982
55	56	0	0.4954954954954955
p = 433
450	150	3
218	232	2	0.48444444444444446
86	64	2	0.5733333333333334
p = 439
468	39	12
240	228	2	0.5128205128205128
25	14	0	0.6410256410256411
p = 443
462	462	1
228	234	0	0.4935064935064935
228	234	0	0.4935064935064935
p = 449
450	150	3
225	225	2	0.5
73	77	0	0.4866666666666667
p = 457
432	72	6
205	227	0	0.47453703703703703
37	35	0	0.5138888888888888
p = 461
447	447	1
229	218	2	0.5123042505592841
229	218	2	0.5123042505592841
p = 463
459	51	9
229	230	0	0.4989106753812636
23	28	0	0.45098039215686275
p = 467
492	246	2
256	236	0	0.5203252032520326
131	115	0	0.532520325203252
p = 479
459	459	1
235	224	2	0.5119825708061002
235	224	2	0.5119825708061002
p = 487
504	252	2
260	244	0	0.5158730158730159
123	129	0	0.4880952380952381
p = 491
516	516	1
263	253	0	0.5096899224806202
263	253	0	0.5096899224806202
p = 499
495	99	5
241	254	0	0.4868686868686869
37	62	0	0.37373737373737376
p = 503
477	159	3
245	232	0	0.5136268343815513
81	78	0	0.5094339622641509
p = 509
549	549	1
279	270	2	0.5081967213114754
279	270	2	0.5081967213114754
p = 521
561	561	1
279	282	0	0.49732620320855614
279	282	0	0.49732620320855614
p = 523
540	60	9
253	287	2	0.4685185185185185
29	31	0	0.48333333333333334
p = 541
585	585	1
311	274	0	0.5316239316239316
311	274	0	0.5316239316239316
p = 547
549	549	1
257	292	2	0.4681238615664845
257	292	2	0.4681238615664845
p = 557
570	285	2
289	281	2	0.5070175438596491
155	130	0	0.543859649122807
p = 563
564	282	2
304	260	0	0.5390070921985816
160	122	0	0.5673758865248227
p = 569
552	69	8
254	298	0	0.4601449275362319
37	32	0	0.5362318840579711
p = 571
549	549	1
265	284	2	0.48269581056466304
265	284	2	0.48269581056466304
p = 577
594	33	18
297	297	0	0.5
17	16	0	0.5151515151515151
p = 587
600	60	10
323	277	2	0.5383333333333333
34	26	0	0.5666666666666667
p = 593
609	609	1
317	292	2	0.5205254515599343
317	292	2	0.5205254515599343
p = 599
618	618	1
293	325	0	0.4741100323624595
293	325	0	0.4741100323624595
p = 601
594	594	1
284	310	2	0.4781144781144781
284	310	2	0.4781144781144781
p = 607
648	648	1
313	335	2	0.48302469135802467
313	335	2	0.48302469135802467
p = 613
648	108	6
335	313	0	0.5169753086419753
56	52	0	0.5185185185185185
p = 617
588	147	4
306	282	2	0.5204081632653061
67	80	2	0.4557823129251701
p = 619
630	630	1
328	302	0	0.5206349206349207
328	302	0	0.5206349206349207
p = 631
639	213	3
325	314	0	0.5086071987480438
105	108	0	0.49295774647887325
p = 641
612	36	17
314	298	0	0.5130718954248366
22	14	0	0.6111111111111112
p = 643
630	63	10
302	328	0	0.4793650793650794
23	40	0	0.36507936507936506
p = 647
624	312	2
308	316	0	0.4935897435897436
160	152	0	0.5128205128205128
p = 653
630	630	1
303	327	0	0.48095238095238096
303	327	0	0.48095238095238096
p = 659
636	159	4
324	312	0	0.5094339622641509
83	76	0	0.5220125786163522
p = 661
630	42	15
326	304	0	0.5174603174603175
14	28	0	0.3333333333333333
p = 673
648	54	12
332	316	2	0.5123456790123457
37	17	0	0.6851851851851852
p = 677
660	330	2
309	351	0	0.4681818181818182
150	180	0	0.45454545454545453
p = 683
696	24	29
348	348	2	0.5
18	6	0	0.75
p = 691
648	72	9
325	323	0	0.5015432098765432
33	39	0	0.4583333333333333
p = 701
738	246	3
363	375	0	0.491869918699187
123	123	0	0.5
p = 709
711	711	1
371	340	0	0.5218002812939522
371	340	0	0.5218002812939522
p = 719
753	753	1
391	362	0	0.5192563081009296
391	362	0	0.5192563081009296
p = 727
738	738	1
371	367	2	0.502710027100271
371	367	2	0.502710027100271
p = 733
702	117	6
341	361	0	0.48575498575498577
55	62	0	0.4700854700854701
p = 739
720	90	8
366	354	0	0.5083333333333333
36	54	0	0.4
p = 743
750	750	1
393	357	2	0.524
393	357	2	0.524
p = 751
756	378	2
391	365	2	0.5171957671957672
198	180	2	0.5238095238095238
p = 757
711	237	3
367	344	2	0.5161744022503516
137	100	2	0.5780590717299579
p = 761
711	711	1
367	344	2	0.5161744022503516
367	344	2	0.5161744022503516
p = 769
810	135	6
396	414	0	0.4888888888888889
77	58	0	0.5703703703703704
p = 773
795	795	1
407	388	2	0.5119496855345912
407	388	2	0.5119496855345912
p = 787
774	387	2
383	391	0	0.49483204134366926
187	200	0	0.48320413436692505
p = 797
804	402	2
417	387	0	0.5186567164179104
201	201	0	0.5
p = 809
804	201	4
393	411	0	0.48880597014925375
103	98	0	0.5124378109452736
p = 811
864	96	9
449	415	0	0.5196759259259259
51	45	0	0.53125
p = 821
786	393	2
392	394	2	0.49872773536895676
195	198	2	0.4961832061068702
p = 823
819	819	1
409	410	2	0.4993894993894994
409	410	2	0.4993894993894994
p = 827
792	264	3
382	410	2	0.4823232323232323
140	124	2	0.5303030303030303
p = 829
828	828	1
428	400	2	0.5169082125603864
428	400	2	0.5169082125603864
p = 839
861	861	1
425	436	2	0.49361207897793263
425	436	2	0.49361207897793263
p = 853
810	135	6
400	410	0	0.49382716049382713
77	58	0	0.5703703703703704
p = 857
855	855	1
431	424	0	0.504093567251462
431	424	0	0.504093567251462
p = 859
882	441	2
462	420	2	0.5238095238095238
227	214	0	0.5147392290249433
p = 863
870	435	2
444	426	2	0.5103448275862069
223	212	0	0.5126436781609195
p = 877
909	909	1
441	468	0	0.48514851485148514
441	468	0	0.48514851485148514
p = 881
864	144	6
447	417	0	0.5173611111111112
81	63	0	0.5625
p = 883
891	297	3
461	430	2	0.5173961840628507
153	144	2	0.5151515151515151
p = 887
909	909	1
431	478	0	0.47414741474147415
431	478	0	0.47414741474147415
p = 907
963	963	1
475	488	2	0.4932502596053998
475	488	2	0.4932502596053998
p = 911
942	942	1
486	456	0	0.5159235668789809
486	456	0	0.5159235668789809
p = 919
891	297	3
427	464	2	0.4792368125701459
141	156	0	0.47474747474747475
p = 929
903	129	7
433	470	2	0.4795127353266888
61	68	0	0.4728682170542636
p = 937
972	324	3
481	491	2	0.4948559670781893
151	173	0	0.4660493827160494
p = 941
969	969	1
471	498	2	0.48606811145510836
471	498	2	0.48606811145510836
p = 947
984	492	2
487	497	2	0.4949186991869919
255	237	2	0.5182926829268293
p = 953
1008	168	6
493	515	0	0.48908730158730157
79	89	0	0.47023809523809523
p = 967
1008	126	8
506	502	0	0.501984126984127
57	69	0	0.4523809523809524
p = 971
951	951	1
483	468	0	0.5078864353312302
483	468	0	0.5078864353312302
p = 977
942	471	2
502	440	2	0.5329087048832272
239	232	2	0.5074309978768577
p = 983
981	981	1
497	484	2	0.5066258919469928
497	484	2	0.5066258919469928
p = 991
945	315	3
499	446	2	0.5280423280423281
175	140	0	0.5555555555555556
p = 997
1008	1008	1
492	516	2	0.4880952380952381
492	516	2	0.4880952380952381
