x^2+x+1 on 189.b3
#E(F_p)	#E(Q)	index
totalsplit	totalinert	totalramified	totalsplitpercentage
split	inert	ramified	splitpercentage
p = 2
3	3	1
1	2	0	0.3333333333333333
1	2	0	0.3333333333333333
p = 5
9	9	1
5	4	0	0.5555555555555556
5	4	0	0.5555555555555556
p = 11
18	18	1
10	8	0	0.5555555555555556
10	8	0	0.5555555555555556
p = 13
18	18	1
8	10	0	0.4444444444444444
8	10	0	0.4444444444444444
p = 17
21	21	1
15	6	0	0.7142857142857143
15	6	0	0.7142857142857143
p = 19
18	18	1
10	8	0	0.5555555555555556
10	8	0	0.5555555555555556
p = 23
18	9	2
9	9	0	0.5
3	6	0	0.3333333333333333
p = 29
24	24	1
9	15	0	0.375
9	15	0	0.375
p = 31
36	36	1
17	19	0	0.4722222222222222
17	19	0	0.4722222222222222
p = 37
45	45	1
21	24	0	0.4666666666666667
21	24	0	0.4666666666666667
p = 41
39	39	1
17	22	0	0.4358974358974359
17	22	0	0.4358974358974359
p = 43
45	45	1
21	24	0	0.4666666666666667
21	24	0	0.4666666666666667
p = 47
57	57	1
31	26	0	0.543859649122807
31	26	0	0.543859649122807
p = 53
48	24	2
17	31	0	0.3541666666666667
7	17	0	0.2916666666666667
p = 59
69	69	1
39	30	0	0.5652173913043478
39	30	0	0.5652173913043478
p = 61
72	72	1
37	35	0	0.5138888888888888
37	35	0	0.5138888888888888
p = 67
72	36	2
41	31	0	0.5694444444444444
20	16	0	0.5555555555555556
p = 71
72	12	6
44	28	0	0.6111111111111112
6	6	0	0.5
p = 73
72	12	6
29	43	0	0.4027777777777778
5	7	0	0.4166666666666667
p = 79
81	27	3
47	34	0	0.5802469135802469
17	10	0	0.6296296296296297
p = 83
87	87	1
41	46	0	0.47126436781609193
41	46	0	0.47126436781609193
p = 89
96	24	4
55	41	0	0.5729166666666666
18	6	0	0.75
p = 97
108	108	1
60	48	0	0.5555555555555556
60	48	0	0.5555555555555556
p = 101
108	54	2
55	53	0	0.5092592592592593
27	27	0	0.5
p = 103
90	45	2
54	36	0	0.6
27	18	0	0.6
p = 107
114	57	2
54	60	0	0.47368421052631576
25	32	0	0.43859649122807015
p = 109
99	99	1
47	52	0	0.47474747474747475
47	52	0	0.47474747474747475
p = 113
102	102	1
55	47	0	0.5392156862745098
55	47	0	0.5392156862745098
p = 127
135	45	3
75	60	0	0.5555555555555556
21	24	0	0.4666666666666667
p = 131
144	18	8
78	66	0	0.5416666666666666
9	9	0	0.5
p = 137
126	126	1
63	63	0	0.5
63	63	0	0.5
p = 139
162	162	1
75	87	0	0.46296296296296297
75	87	0	0.46296296296296297
p = 149
144	144	1
66	78	0	0.4583333333333333
66	78	0	0.4583333333333333
p = 151
171	171	1
91	80	0	0.5321637426900585
91	80	0	0.5321637426900585
p = 157
144	144	1
80	64	0	0.5555555555555556
80	64	0	0.5555555555555556
p = 163
171	171	1
97	74	0	0.5672514619883041
97	74	0	0.5672514619883041
p = 167
165	165	1
87	78	0	0.5272727272727272
87	78	0	0.5272727272727272
p = 173
156	39	4
69	87	0	0.4423076923076923
19	20	0	0.48717948717948717
p = 179
192	192	1
99	93	0	0.515625
99	93	0	0.515625
p = 181
162	27	6
91	71	0	0.5617283950617284
17	10	0	0.6296296296296297
p = 191
210	105	2
114	96	0	0.5428571428571428
53	52	0	0.5047619047619047
p = 193
207	207	1
107	100	0	0.5169082125603864
107	100	0	0.5169082125603864
p = 197
180	60	3
80	100	0	0.4444444444444444
22	38	0	0.36666666666666664
p = 199
180	90	2
96	84	0	0.5333333333333333
52	38	0	0.5777777777777777
p = 211
216	27	8
122	94	0	0.5648148148148148
17	10	0	0.6296296296296297
p = 223
216	24	9
107	109	0	0.49537037037037035
9	15	0	0.375
p = 227
216	108	2
120	96	0	0.5555555555555556
59	49	0	0.5462962962962963
p = 229
234	117	2
119	115	0	0.5085470085470085
63	54	0	0.5384615384615384
p = 233
258	258	1
132	126	0	0.5116279069767442
132	126	0	0.5116279069767442
p = 239
228	228	1
102	126	0	0.4473684210526316
102	126	0	0.4473684210526316
p = 241
234	234	1
113	121	0	0.4829059829059829
113	121	0	0.4829059829059829
p = 251
279	93	3
139	140	0	0.4982078853046595
53	40	0	0.5698924731182796
p = 257
252	126	2
129	123	0	0.5119047619047619
61	65	0	0.48412698412698413
p = 263
252	252	1
133	119	0	0.5277777777777778
133	119	0	0.5277777777777778
p = 269
273	273	1
149	124	0	0.5457875457875457
149	124	0	0.5457875457875457
p = 271
270	45	6
131	139	0	0.48518518518518516
15	30	0	0.3333333333333333
p = 277
261	261	1
135	126	0	0.5172413793103449
135	126	0	0.5172413793103449
p = 281
312	78	4
157	155	0	0.5032051282051282
37	41	0	0.47435897435897434
p = 283
270	90	3
127	143	0	0.4703703703703704
51	39	0	0.5666666666666667
p = 293
327	327	1
173	154	0	0.5290519877675841
173	154	0	0.5290519877675841
p = 307
306	51	6
153	153	0	0.5
25	26	0	0.49019607843137253
p = 311
321	321	1
163	158	0	0.5077881619937694
163	158	0	0.5077881619937694
p = 313
306	153	2
151	155	0	0.4934640522875817
83	70	0	0.5424836601307189
p = 317
336	168	2
160	176	0	0.47619047619047616
84	84	0	0.5
p = 331
333	333	1
159	174	0	0.4774774774774775
159	174	0	0.4774774774774775
p = 337
351	117	3
187	164	0	0.5327635327635327
63	54	0	0.5384615384615384
p = 347
348	348	1
193	155	0	0.5545977011494253
193	155	0	0.5545977011494253
p = 349
342	171	2
160	182	0	0.4678362573099415
75	96	0	0.43859649122807015
p = 353
333	333	1
165	168	0	0.4954954954954955
165	168	0	0.4954954954954955
p = 359
366	183	2
178	188	0	0.48633879781420764
83	100	0	0.453551912568306
p = 367
378	63	6
184	194	0	0.48677248677248675
29	34	0	0.4603174603174603
p = 373
351	351	1
161	190	0	0.4586894586894587
161	190	0	0.4586894586894587
p = 379
351	117	3
163	188	0	0.46438746438746437
67	50	0	0.5726495726495726
p = 383
369	369	1
169	200	0	0.45799457994579945
169	200	0	0.45799457994579945
p = 389
396	396	1
209	187	0	0.5277777777777778
209	187	0	0.5277777777777778
p = 397
396	99	4
208	188	0	0.5252525252525253
49	50	0	0.494949494949495
p = 401
414	207	2
198	216	0	0.4782608695652174
103	104	0	0.4975845410628019
p = 409
414	207	2
193	221	0	0.46618357487922707
97	110	0	0.46859903381642515
p = 419
399	399	1
199	200	0	0.49874686716791977
199	200	0	0.49874686716791977
p = 421
432	24	18
198	234	0	0.4583333333333333
14	10	0	0.5833333333333334
p = 431
444	111	4
211	233	0	0.4752252252252252
55	56	0	0.4954954954954955
p = 433
450	150	3
232	218	0	0.5155555555555555
76	74	0	0.5066666666666667
p = 439
468	39	12
237	231	0	0.5064102564102564
25	14	0	0.6410256410256411
p = 443
462	462	1
224	238	0	0.48484848484848486
224	238	0	0.48484848484848486
p = 449
450	150	3
227	223	0	0.5044444444444445
79	71	0	0.5266666666666666
p = 457
432	72	6
227	205	0	0.5254629629629629
37	35	0	0.5138888888888888
p = 461
447	447	1
207	240	0	0.46308724832214765
207	240	0	0.46308724832214765
p = 463
459	51	9
221	238	0	0.48148148148148145
27	24	0	0.5294117647058824
p = 467
492	246	2
265	227	0	0.5386178861788617
140	106	0	0.5691056910569106
p = 479
459	459	1
217	242	0	0.47276688453159044
217	242	0	0.47276688453159044
p = 487
504	252	2
249	255	0	0.49404761904761907
120	132	0	0.47619047619047616
p = 491
516	516	1
262	254	0	0.5077519379844961
262	254	0	0.5077519379844961
p = 499
495	99	5
269	226	0	0.5434343434343434
63	36	0	0.6363636363636364
p = 503
477	159	3
229	248	0	0.480083857442348
73	86	0	0.4591194968553459
p = 509
549	549	1
295	254	0	0.5373406193078324
295	254	0	0.5373406193078324
p = 521
561	561	1
283	278	0	0.5044563279857398
283	278	0	0.5044563279857398
p = 523
540	60	9
268	272	0	0.4962962962962963
30	30	0	0.5
p = 541
585	585	1
273	312	0	0.4666666666666667
273	312	0	0.4666666666666667
p = 547
549	549	1
293	256	0	0.5336976320582878
293	256	0	0.5336976320582878
p = 557
570	285	2
303	267	0	0.531578947368421
157	128	0	0.5508771929824562
p = 563
564	282	2
294	270	0	0.5212765957446809
150	132	0	0.5319148936170213
p = 569
552	69	8
277	275	0	0.5018115942028986
39	30	0	0.5652173913043478
p = 571
549	549	1
277	272	0	0.5045537340619308
277	272	0	0.5045537340619308
p = 577
594	33	18
286	308	0	0.48148148148148145
13	20	0	0.3939393939393939
p = 587
600	60	10
306	294	0	0.51
40	20	0	0.6666666666666666
p = 593
609	609	1
317	292	0	0.5205254515599343
317	292	0	0.5205254515599343
p = 599
618	618	1
304	314	0	0.4919093851132686
304	314	0	0.4919093851132686
p = 601
594	594	1
300	294	0	0.5050505050505051
300	294	0	0.5050505050505051
p = 607
648	648	1
335	313	0	0.5169753086419753
335	313	0	0.5169753086419753
p = 613
648	108	6
321	327	0	0.49537037037037035
55	53	0	0.5092592592592593
p = 617
588	147	4
295	293	0	0.5017006802721088
61	86	0	0.41496598639455784
p = 619
630	630	1
310	320	0	0.49206349206349204
310	320	0	0.49206349206349204
p = 631
639	213	3
323	316	0	0.5054773082942097
113	100	0	0.5305164319248826
p = 641
612	36	17
285	327	0	0.46568627450980393
21	15	0	0.5833333333333334
p = 643
630	63	10
314	316	0	0.4984126984126984
27	36	0	0.42857142857142855
p = 647
624	312	2
295	329	0	0.47275641025641024
156	156	0	0.5
p = 653
630	630	1
323	307	0	0.5126984126984127
323	307	0	0.5126984126984127
p = 659
636	159	4
309	327	0	0.4858490566037736
81	78	0	0.5094339622641509
p = 661
630	42	15
333	297	0	0.5285714285714286
29	13	0	0.6904761904761905
p = 673
648	54	12
329	319	0	0.5077160493827161
27	27	0	0.5
p = 677
660	330	2
334	326	0	0.5060606060606061
169	161	0	0.5121212121212121
p = 683
696	24	29
346	350	0	0.49712643678160917
10	14	0	0.4166666666666667
p = 691
648	72	9
305	343	0	0.470679012345679
33	39	0	0.4583333333333333
p = 701
738	246	3
355	383	0	0.481029810298103
109	137	0	0.44308943089430897
p = 709
711	711	1
347	364	0	0.4880450070323488
347	364	0	0.4880450070323488
p = 719
753	753	1
359	394	0	0.4767596281540505
359	394	0	0.4767596281540505
p = 727
738	738	1
383	355	0	0.518970189701897
383	355	0	0.518970189701897
p = 733
702	117	6
350	352	0	0.4985754985754986
63	54	0	0.5384615384615384
p = 739
720	90	8
367	353	0	0.5097222222222222
53	37	0	0.5888888888888889
p = 743
750	750	1
357	393	0	0.476
357	393	0	0.476
p = 751
756	378	2
379	377	0	0.5013227513227513
202	176	0	0.5343915343915344
p = 757
711	237	3
365	346	0	0.5133614627285513
127	110	0	0.5358649789029536
p = 761
711	711	1
369	342	0	0.5189873417721519
369	342	0	0.5189873417721519
p = 769
810	135	6
394	416	0	0.48641975308641977
57	78	0	0.4222222222222222
p = 773
795	795	1
423	372	0	0.5320754716981132
423	372	0	0.5320754716981132
p = 787
774	387	2
380	394	0	0.4909560723514212
183	204	0	0.4728682170542636
p = 797
804	402	2
399	405	0	0.4962686567164179
199	203	0	0.49502487562189057
p = 809
804	201	4
394	410	0	0.4900497512437811
109	92	0	0.5422885572139303
p = 811
864	96	9
438	426	0	0.5069444444444444
48	48	0	0.5
p = 821
786	393	2
370	416	0	0.4707379134860051
193	200	0	0.4910941475826972
p = 823
819	819	1
425	394	0	0.518925518925519
425	394	0	0.518925518925519
p = 827
792	264	3
380	412	0	0.4797979797979798
128	136	0	0.48484848484848486
p = 829
828	828	1
402	426	0	0.4855072463768116
402	426	0	0.4855072463768116
p = 839
861	861	1
417	444	0	0.4843205574912892
417	444	0	0.4843205574912892
p = 853
810	135	6
418	392	0	0.5160493827160494
71	64	0	0.5259259259259259
p = 857
855	855	1
455	400	0	0.5321637426900585
455	400	0	0.5321637426900585
p = 859
882	441	2
466	416	0	0.528344671201814
233	208	0	0.528344671201814
p = 863
870	435	2
430	440	0	0.4942528735632184
213	222	0	0.4896551724137931
p = 877
909	909	1
465	444	0	0.5115511551155115
465	444	0	0.5115511551155115
p = 881
864	144	6
431	433	0	0.4988425925925926
71	73	0	0.4930555555555556
p = 883
891	297	3
455	436	0	0.510662177328844
145	152	0	0.4882154882154882
p = 887
909	909	1
473	436	0	0.5203520352035204
473	436	0	0.5203520352035204
p = 907
963	963	1
469	494	0	0.48701973001038423
469	494	0	0.48701973001038423
p = 911
942	942	1
477	465	0	0.5063694267515924
477	465	0	0.5063694267515924
p = 919
891	297	3
443	448	0	0.49719416386083054
135	162	0	0.45454545454545453
p = 929
903	129	7
457	446	0	0.5060908084163898
79	50	0	0.6124031007751938
p = 937
972	324	3
475	497	0	0.4886831275720165
155	169	0	0.4783950617283951
p = 941
969	969	1
495	474	0	0.5108359133126935
495	474	0	0.5108359133126935
p = 947
984	492	2
516	468	0	0.524390243902439
262	230	0	0.532520325203252
p = 953
1008	168	6
492	516	0	0.4880952380952381
76	92	0	0.4523809523809524
p = 967
1008	126	8
514	494	0	0.5099206349206349
59	67	0	0.46825396825396826
p = 971
951	951	1
469	482	0	0.4931650893796004
469	482	0	0.4931650893796004
p = 977
942	471	2
449	493	0	0.47664543524416136
235	236	0	0.4989384288747346
p = 983
981	981	1
475	506	0	0.4841997961264016
475	506	0	0.4841997961264016
p = 991
945	315	3
447	498	0	0.473015873015873
139	176	0	0.44126984126984126
p = 997
1008	1008	1
531	477	0	0.5267857142857143
531	477	0	0.5267857142857143
p = 1009
981	327	3
479	502	0	0.48827726809378186
149	178	0	0.45565749235474007
p = 1013
1071	153	7
543	528	0	0.5070028011204482
79	74	0	0.5163398692810458
p = 1019
1080	540	2
510	570	0	0.4722222222222222
254	286	0	0.4703703703703704
p = 1021
972	324	3
466	506	0	0.4794238683127572
154	170	0	0.47530864197530864
p = 1031
1008	1008	1
522	486	0	0.5178571428571429
522	486	0	0.5178571428571429
p = 1033
999	999	1
477	522	0	0.4774774774774775
477	522	0	0.4774774774774775
p = 1039
1026	114	9
504	522	0	0.49122807017543857
48	66	0	0.42105263157894735
p = 1049
1065	1065	1
537	528	0	0.504225352112676
537	528	0	0.504225352112676
p = 1051
1080	270	4
555	525	0	0.5138888888888888
136	134	0	0.5037037037037037
p = 1061
1038	519	2
491	547	0	0.4730250481695568
253	266	0	0.48747591522157996
p = 1063
1080	180	6
542	538	0	0.5018518518518519
94	86	0	0.5222222222222223
p = 1069
1080	90	12
555	525	0	0.5138888888888888
39	51	0	0.43333333333333335
p = 1087
1089	1089	1
565	524	0	0.5188246097337006
565	524	0	0.5188246097337006
p = 1091
1059	1059	1
529	530	0	0.4995278564683664
529	530	0	0.4995278564683664
p = 1093
1116	558	2
555	561	0	0.49731182795698925
280	278	0	0.5017921146953405
p = 1097
1041	1041	1
531	510	0	0.5100864553314121
531	510	0	0.5100864553314121
p = 1103
1122	1122	1
564	558	0	0.5026737967914439
564	558	0	0.5026737967914439
p = 1109
1107	1107	1
585	522	0	0.5284552845528455
585	522	0	0.5284552845528455
p = 1117
1080	180	6
530	550	0	0.49074074074074076
81	99	0	0.45
p = 1123
1188	1188	1
592	596	0	0.4983164983164983
592	596	0	0.4983164983164983
p = 1129
1152	144	8
603	549	0	0.5234375
78	66	0	0.5416666666666666
p = 1151
1155	231	5
595	560	0	0.5151515151515151
107	124	0	0.46320346320346323
p = 1153
1098	1098	1
556	542	0	0.5063752276867031
556	542	0	0.5063752276867031
p = 1163
1176	84	14
598	578	0	0.5085034013605442
48	36	0	0.5714285714285714
p = 1171
1143	1143	1
603	540	0	0.5275590551181102
603	540	0	0.5275590551181102
p = 1181
1155	1155	1
609	546	0	0.5272727272727272
609	546	0	0.5272727272727272
p = 1187
1128	141	8
559	569	0	0.49556737588652483
63	78	0	0.44680851063829785
p = 1193
1257	1257	1
641	616	0	0.5099443118536198
641	616	0	0.5099443118536198
p = 1201
1224	36	34
637	587	0	0.5204248366013072
14	22	0	0.3888888888888889
p = 1213
1251	1251	1
621	630	0	0.49640287769784175
621	630	0	0.49640287769784175
p = 1217
1212	303	4
622	590	0	0.5132013201320133
165	138	0	0.5445544554455446
p = 1223
1167	1167	1
569	598	0	0.4875749785775493
569	598	0	0.4875749785775493
p = 1229
1194	597	2
591	603	0	0.4949748743718593
289	308	0	0.48408710217755446
p = 1231
1260	630	2
622	638	0	0.4936507936507937
322	308	0	0.5111111111111111
p = 1237
1188	198	6
572	616	0	0.48148148148148145
106	92	0	0.5353535353535354
p = 1249
1224	153	8
608	616	0	0.49673202614379086
79	74	0	0.5163398692810458
p = 1259
1305	435	3
633	672	0	0.4850574712643678
225	210	0	0.5172413793103449
p = 1277
1263	1263	1
619	644	0	0.4901029295328583
619	644	0	0.4901029295328583
p = 1279
1314	1314	1
667	647	0	0.5076103500761036
667	647	0	0.5076103500761036
p = 1283
1296	648	2
660	636	0	0.5092592592592593
318	330	0	0.49074074074074076
p = 1289
1320	330	4
688	632	0	0.5212121212121212
166	164	0	0.503030303030303
p = 1291
1296	432	3
639	657	0	0.4930555555555556
203	229	0	0.4699074074074074
p = 1297
1341	1341	1
697	644	0	0.5197613721103654
697	644	0	0.5197613721103654
p = 1301
1272	318	4
625	647	0	0.4913522012578616
167	151	0	0.5251572327044025
p = 1303
1305	261	5
667	638	0	0.5111111111111111
155	106	0	0.5938697318007663
p = 1307
1371	1371	1
675	696	0	0.4923413566739606
675	696	0	0.4923413566739606
p = 1319
1311	1311	1
631	680	0	0.4813119755911518
631	680	0	0.4813119755911518
p = 1321
1368	1368	1
709	659	0	0.5182748538011696
709	659	0	0.5182748538011696
p = 1327
1305	1305	1
633	672	0	0.4850574712643678
633	672	0	0.4850574712643678
p = 1361
1332	666	2
687	645	0	0.5157657657657657
349	317	0	0.524024024024024
p = 1367
1428	1428	1
703	725	0	0.49229691876750703
703	725	0	0.49229691876750703
p = 1373
1398	699	2
672	726	0	0.48068669527896996
331	368	0	0.47353361945636624
p = 1381
1395	279	5
671	724	0	0.48100358422939066
139	140	0	0.4982078853046595
p = 1399
1440	1440	1
712	728	0	0.49444444444444446
712	728	0	0.49444444444444446
p = 1409
1458	1458	1
702	756	0	0.48148148148148145
702	756	0	0.48148148148148145
p = 1423
1449	1449	1
693	756	0	0.4782608695652174
693	756	0	0.4782608695652174
p = 1427
1443	1443	1
699	744	0	0.48440748440748443
699	744	0	0.48440748440748443
p = 1429
1485	1485	1
735	750	0	0.494949494949495
735	750	0	0.494949494949495
p = 1433
1443	1443	1
709	734	0	0.49133749133749133
709	734	0	0.49133749133749133
p = 1439
1470	735	2
731	739	0	0.49727891156462584
379	356	0	0.5156462585034014
p = 1447
1386	693	2
707	679	0	0.51010101010101
359	334	0	0.5180375180375181
p = 1451
1452	1452	1
691	761	0	0.4758953168044077
691	761	0	0.4758953168044077
p = 1453
1440	90	16
733	707	0	0.5090277777777777
48	42	0	0.5333333333333333
p = 1459
1476	1476	1
768	708	0	0.5203252032520326
768	708	0	0.5203252032520326
p = 1471
1449	207	7
703	746	0	0.48516218081435475
97	110	0	0.46859903381642515
p = 1481
1518	759	2
741	777	0	0.4881422924901186
373	386	0	0.4914361001317523
p = 1483
1458	729	2
766	692	0	0.5253772290809328
389	340	0	0.53360768175583
p = 1487
1512	378	4
733	779	0	0.48478835978835977
168	210	0	0.4444444444444444
p = 1489
1458	729	2
752	706	0	0.5157750342935528
377	352	0	0.5171467764060357
p = 1493
1428	84	17
693	735	0	0.4852941176470588
33	51	0	0.39285714285714285
p = 1499
1434	717	2
715	719	0	0.49860529986053
365	352	0	0.5090655509065551
p = 1511
1449	21	69
717	732	0	0.494824016563147
11	10	0	0.5238095238095238
p = 1523
1512	378	4
790	722	0	0.5224867724867724
192	186	0	0.5079365079365079
p = 1531
1584	132	12
800	784	0	0.5050505050505051
66	66	0	0.5
p = 1543
1548	516	3
782	766	0	0.5051679586563308
264	252	0	0.5116279069767442
p = 1549
1620	54	30
779	841	0	0.4808641975308642
24	30	0	0.4444444444444444
p = 1553
1488	372	4
731	757	0	0.49126344086021506
184	188	0	0.4946236559139785
p = 1559
1533	1533	1
775	758	0	0.5055446836268754
775	758	0	0.5055446836268754
p = 1567
1530	255	6
784	746	0	0.5124183006535947
129	126	0	0.5058823529411764
p = 1571
1635	1635	1
849	786	0	0.5192660550458715
849	786	0	0.5192660550458715
p = 1579
1575	1575	1
775	800	0	0.49206349206349204
775	800	0	0.49206349206349204
p = 1583
1530	15	102
732	798	0	0.47843137254901963
5	10	0	0.3333333333333333
p = 1597
1629	1629	1
785	844	0	0.48189073050951503
785	844	0	0.48189073050951503
p = 1601
1536	768	2
765	771	0	0.498046875
390	378	0	0.5078125
p = 1607
1662	831	2
805	857	0	0.4843561973525872
401	430	0	0.4825511432009627
p = 1609
1548	774	2
790	758	0	0.5103359173126615
390	384	0	0.5038759689922481
p = 1613
1647	1647	1
835	812	0	0.5069823922282939
835	812	0	0.5069823922282939
p = 1619
1662	1662	1
795	867	0	0.47833935018050544
795	867	0	0.47833935018050544
p = 1621
1647	549	3
847	800	0	0.5142683667273831
301	248	0	0.5482695810564663
p = 1627
1566	261	6
773	793	0	0.49361430395913153
139	122	0	0.5325670498084292
p = 1637
1584	132	12
828	756	0	0.5227272727272727
82	50	0	0.6212121212121212
p = 1657
1692	423	4
807	885	0	0.4769503546099291
209	214	0	0.4940898345153664
p = 1663
1620	162	10
790	830	0	0.4876543209876543
67	95	0	0.41358024691358025
p = 1667
1626	813	2
792	834	0	0.4870848708487085
379	434	0	0.4661746617466175
p = 1669
1746	873	2
870	876	0	0.49828178694158076
443	430	0	0.5074455899198167
p = 1693
1620	108	15
828	792	0	0.5111111111111111
44	64	0	0.4074074074074074
p = 1697
1680	420	4
848	832	0	0.5047619047619047
201	219	0	0.4785714285714286
p = 1699
1656	828	2
862	794	0	0.5205314009661836
428	400	0	0.5169082125603864
p = 1709
1710	57	30
852	858	0	0.4982456140350877
23	34	0	0.40350877192982454
p = 1721
1752	219	8
874	878	0	0.4988584474885845
103	116	0	0.4703196347031963
p = 1723
1647	183	9
789	858	0	0.4790528233151184
89	94	0	0.48633879781420764
p = 1733
1680	15	112
831	849	0	0.49464285714285716
3	12	0	0.2
p = 1741
1782	1782	1
875	907	0	0.4910213243546577
875	907	0	0.4910213243546577
p = 1747
1764	882	2
896	868	0	0.5079365079365079
431	451	0	0.4886621315192744
p = 1753
1782	198	9
929	853	0	0.521324354657688
105	93	0	0.5303030303030303
p = 1759
1737	1737	1
885	852	0	0.5094991364421416
885	852	0	0.5094991364421416
p = 1777
1836	51	36
899	937	0	0.48965141612200436
25	26	0	0.49019607843137253
p = 1783
1782	594	3
920	862	0	0.5162738496071829
286	308	0	0.48148148148148145
p = 1787
1728	1728	1
855	873	0	0.4947916666666667
855	873	0	0.4947916666666667
p = 1789
1755	585	3
911	844	0	0.5190883190883191
287	298	0	0.4905982905982906
p = 1801
1791	1791	1
893	898	0	0.49860413176996093
893	898	0	0.49860413176996093
p = 1811
1767	1767	1
853	914	0	0.48273910582908885
853	914	0	0.48273910582908885
p = 1823
1815	1815	1
867	948	0	0.47768595041322315
867	948	0	0.47768595041322315
p = 1831
1845	1845	1
917	928	0	0.49701897018970187
917	928	0	0.49701897018970187
p = 1847
1905	381	5
945	960	0	0.49606299212598426
193	188	0	0.5065616797900262
p = 1861
1926	963	2
949	977	0	0.49273104880581514
481	482	0	0.4994807892004154
p = 1867
1818	909	2
920	898	0	0.506050605060506
455	454	0	0.5005500550055005
p = 1871
1860	15	124
955	905	0	0.5134408602150538
9	6	0	0.6
p = 1873
1845	1845	1
893	952	0	0.48401084010840106
893	952	0	0.48401084010840106
p = 1877
1848	1848	1
908	940	0	0.49134199134199136
908	940	0	0.49134199134199136
p = 1879
1926	963	2
994	932	0	0.5160955347871236
489	474	0	0.5077881619937694
p = 1889
1863	621	3
923	940	0	0.4954374664519592
285	336	0	0.45893719806763283
p = 1901
1908	477	4
980	928	0	0.5136268343815513
243	234	0	0.5094339622641509
p = 1907
1911	1911	1
959	952	0	0.5018315018315018
959	952	0	0.5018315018315018
p = 1913
1908	1908	1
982	926	0	0.5146750524109015
982	926	0	0.5146750524109015
p = 1931
1983	1983	1
991	992	0	0.49974785678265254
991	992	0	0.49974785678265254
p = 1933
1899	1899	1
915	984	0	0.48183254344391785
915	984	0	0.48183254344391785
p = 1949
1995	1995	1
1027	968	0	0.5147869674185463
1027	968	0	0.5147869674185463
p = 1951
1890	21	90
964	926	0	0.5100529100529101
13	8	0	0.6190476190476191
p = 1973
1977	1977	1
973	1004	0	0.4921598381385938
973	1004	0	0.4921598381385938
p = 1979
1923	1923	1
955	968	0	0.4966198647945918
955	968	0	0.4966198647945918
p = 1987
1962	1962	1
960	1002	0	0.4892966360856269
960	1002	0	0.4892966360856269
p = 1993
1998	666	3
981	1017	0	0.49099099099099097
309	357	0	0.46396396396396394
p = 1997
1986	993	2
1006	980	0	0.5065458207452165
507	486	0	0.5105740181268882
p = 1999
2016	1008	2
1010	1006	0	0.5009920634920635
507	501	0	0.5029761904761905
