x^2+x+1
#E(F_p)	#E(Q)	index
totalsplit	totalinert	totalramified	totalsplitpercentage
split	inert	ramified	splitpercentage
p = 2
3	1	3
3	0	0	1.0
1	0	0	1.0
p = 5
9	3	3
7	2	0	0.7777777777777778
3	0	0	1.0
p = 11
18	6	3
10	8	0	0.5555555555555556
2	4	0	0.3333333333333333
p = 13
18	6	3
11	7	0	0.6111111111111112
5	1	0	0.8333333333333334
p = 17
21	7	3
13	8	0	0.6190476190476191
3	4	0	0.42857142857142855
p = 19
18	6	3
12	6	0	0.6666666666666666
6	0	0	1.0
p = 23
18	3	6
11	7	0	0.6111111111111112
1	2	0	0.3333333333333333
p = 29
24	8	3
14	10	0	0.5833333333333334
6	2	0	0.75
p = 31
36	12	3
16	20	0	0.4444444444444444
8	4	0	0.6666666666666666
p = 37
45	15	3
25	20	0	0.5555555555555556
7	8	0	0.4666666666666667
p = 41
39	13	3
21	18	0	0.5384615384615384
9	4	0	0.6923076923076923
p = 43
45	15	3
29	16	0	0.6444444444444445
11	4	0	0.7333333333333333
p = 47
57	19	3
33	24	0	0.5789473684210527
11	8	0	0.5789473684210527
p = 53
48	8	6
31	17	0	0.6458333333333334
5	3	0	0.625
p = 59
69	23	3
43	26	0	0.6231884057971014
9	14	0	0.391304347826087
p = 61
72	24	3
33	39	0	0.4583333333333333
9	15	0	0.375
p = 67
72	12	6
43	29	0	0.5972222222222222
5	7	0	0.4166666666666667
p = 71
72	4	18
34	38	0	0.4722222222222222
2	2	0	0.5
p = 73
72	4	18
34	38	0	0.4722222222222222
4	0	0	1.0
p = 79
81	9	9
47	34	0	0.5802469135802469
3	6	0	0.3333333333333333
p = 83
87	29	3
45	42	0	0.5172413793103449
13	16	0	0.4482758620689655
p = 89
96	8	12
51	45	0	0.53125
8	0	0	1.0
p = 97
108	36	3
54	54	0	0.5
18	18	0	0.5
p = 101
108	18	6
51	57	0	0.4722222222222222
14	4	0	0.7777777777777778
p = 103
90	15	6
46	44	0	0.5111111111111111
15	0	0	1.0
p = 107
114	19	6
66	48	0	0.5789473684210527
7	12	0	0.3684210526315789
p = 109
99	33	3
47	52	0	0.47474747474747475
19	14	0	0.5757575757575758
p = 113
102	34	3
50	52	0	0.49019607843137253
22	12	0	0.6470588235294118
p = 127
135	15	9
61	74	0	0.45185185185185184
5	10	0	0.3333333333333333
p = 131
144	6	24
82	62	0	0.5694444444444444
2	4	0	0.3333333333333333
p = 137
126	42	3
61	65	0	0.48412698412698413
19	23	0	0.4523809523809524
p = 139
162	54	3
85	77	0	0.5246913580246914
33	21	0	0.6111111111111112
p = 149
144	48	3
75	69	0	0.5208333333333334
21	27	0	0.4375
p = 151
171	57	3
93	78	0	0.543859649122807
27	30	0	0.47368421052631576
p = 157
144	48	3
66	78	0	0.4583333333333333
24	24	0	0.5
p = 163
171	57	3
91	80	0	0.5321637426900585
35	22	0	0.6140350877192983
p = 167
165	55	3
81	84	0	0.4909090909090909
29	26	0	0.5272727272727272
p = 173
156	13	12
79	77	0	0.5064102564102564
7	6	0	0.5384615384615384
p = 179
192	64	3
84	108	0	0.4375
24	40	0	0.375
p = 181
162	9	18
81	81	0	0.5
7	2	0	0.7777777777777778
p = 191
210	35	6
104	106	0	0.49523809523809526
21	14	0	0.6
p = 193
207	69	3
113	94	0	0.5458937198067633
35	34	0	0.5072463768115942
p = 197
180	20	9
88	92	0	0.4888888888888889
12	8	0	0.6
p = 199
180	30	6
85	95	0	0.4722222222222222
19	11	0	0.6333333333333333
p = 211
216	9	24
115	101	0	0.5324074074074074
7	2	0	0.7777777777777778
p = 223
216	8	27
119	97	0	0.5509259259259259
3	5	0	0.375
p = 227
216	36	6
111	105	0	0.5138888888888888
21	15	0	0.5833333333333334
p = 229
234	39	6
118	116	0	0.5042735042735043
19	20	0	0.48717948717948717
p = 233
258	86	3
130	128	0	0.5038759689922481
42	44	0	0.4883720930232558
p = 239
228	76	3
118	110	0	0.5175438596491229
38	38	0	0.5
p = 241
234	78	3
118	116	0	0.5042735042735043
40	38	0	0.5128205128205128
p = 251
279	31	9
137	142	0	0.4910394265232975
15	16	0	0.4838709677419355
p = 257
252	42	6
118	134	0	0.46825396825396826
19	23	0	0.4523809523809524
p = 263
252	84	3
139	113	0	0.5515873015873016
55	29	0	0.6547619047619048
p = 269
273	91	3
133	140	0	0.48717948717948717
45	46	0	0.4945054945054945
p = 271
270	15	18
151	119	0	0.5592592592592592
9	6	0	0.6
p = 277
261	87	3
127	134	0	0.48659003831417624
37	50	0	0.42528735632183906
p = 281
312	26	12
154	158	0	0.4935897435897436
14	12	0	0.5384615384615384
p = 283
270	30	9
131	139	0	0.48518518518518516
17	13	0	0.5666666666666667
p = 293
327	109	3
157	170	0	0.4801223241590214
61	48	0	0.5596330275229358
p = 307
306	17	18
152	154	0	0.49673202614379086
11	6	0	0.6470588235294118
p = 311
321	107	3
165	156	0	0.514018691588785
55	52	0	0.514018691588785
p = 313
306	51	6
146	160	0	0.477124183006536
31	20	0	0.6078431372549019
p = 317
336	56	6
171	165	0	0.5089285714285714
33	23	0	0.5892857142857143
p = 331
333	111	3
167	166	0	0.5015015015015015
45	66	0	0.40540540540540543
p = 337
351	39	9
165	186	0	0.4700854700854701
13	26	0	0.3333333333333333
p = 347
348	116	3
186	162	0	0.5344827586206896
64	52	0	0.5517241379310345
p = 349
342	57	6
163	179	0	0.4766081871345029
21	36	0	0.3684210526315789
p = 353
333	111	3
151	182	0	0.45345345345345345
55	56	0	0.4954954954954955
p = 359
366	61	6
200	166	0	0.546448087431694
35	26	0	0.5737704918032787
p = 367
378	21	18
183	195	0	0.48412698412698413
11	10	0	0.5238095238095238
p = 373
351	117	3
175	176	0	0.4985754985754986
69	48	0	0.5897435897435898
p = 379
351	39	9
167	184	0	0.4757834757834758
21	18	0	0.5384615384615384
p = 383
369	123	3
171	198	0	0.4634146341463415
45	78	0	0.36585365853658536
p = 389
396	132	3
198	198	0	0.5
72	60	0	0.5454545454545454
p = 397
396	33	12
209	187	0	0.5277777777777778
23	10	0	0.696969696969697
p = 401
414	69	6
206	208	0	0.4975845410628019
25	44	0	0.36231884057971014
p = 409
414	69	6
197	217	0	0.4758454106280193
35	34	0	0.5072463768115942
p = 419
399	133	3
213	186	0	0.5338345864661654
61	72	0	0.45864661654135336
p = 421
432	8	54
218	214	0	0.5046296296296297
5	3	0	0.625
p = 431
444	37	12
236	208	0	0.5315315315315315
23	14	0	0.6216216216216216
p = 433
450	50	9
227	223	0	0.5044444444444445
25	25	0	0.5
p = 439
468	13	36
241	227	0	0.5149572649572649
5	8	0	0.38461538461538464
p = 443
462	154	3
244	218	0	0.5281385281385281
82	72	0	0.5324675324675324
p = 449
450	50	9
207	243	0	0.46
19	31	0	0.38
p = 457
432	24	18
221	211	0	0.5115740740740741
19	5	0	0.7916666666666666
p = 461
447	149	3
217	230	0	0.4854586129753915
73	76	0	0.4899328859060403
p = 463
459	17	27
227	232	0	0.49455337690631807
7	10	0	0.4117647058823529
p = 467
492	82	6
243	249	0	0.49390243902439024
45	37	0	0.5487804878048781
p = 479
459	153	3
219	240	0	0.477124183006536
75	78	0	0.49019607843137253
p = 487
504	84	6
251	253	0	0.498015873015873
42	42	0	0.5
p = 491
516	172	3
244	272	0	0.4728682170542636
70	102	0	0.4069767441860465
p = 499
495	33	15
257	238	0	0.5191919191919192
19	14	0	0.5757575757575758
p = 503
477	53	9
237	240	0	0.4968553459119497
21	32	0	0.39622641509433965
p = 509
549	183	3
267	282	0	0.48633879781420764
101	82	0	0.5519125683060109
p = 521
561	187	3
279	282	0	0.49732620320855614
83	104	0	0.44385026737967914
p = 523
540	20	27
268	272	0	0.4962962962962963
10	10	0	0.5
p = 541
585	195	3
281	304	0	0.48034188034188036
83	112	0	0.4256410256410256
p = 547
549	183	3
281	268	0	0.51183970856102
105	78	0	0.5737704918032787
p = 557
570	95	6
280	290	0	0.49122807017543857
35	60	0	0.3684210526315789
p = 563
564	94	6
270	294	0	0.4787234042553192
42	52	0	0.44680851063829785
p = 569
552	23	24
268	284	0	0.4855072463768116
9	14	0	0.391304347826087
p = 571
549	183	3
279	270	0	0.5081967213114754
101	82	0	0.5519125683060109
p = 577
594	11	54
289	305	0	0.48653198653198654
5	6	0	0.45454545454545453
p = 587
600	20	30
296	304	0	0.49333333333333335
13	7	0	0.65
p = 593
609	203	3
295	314	0	0.48440065681444994
107	96	0	0.5270935960591133
p = 599
618	206	3
287	331	0	0.46440129449838186
83	123	0	0.4029126213592233
p = 601
594	198	3
291	303	0	0.4898989898989899
97	101	0	0.4898989898989899
p = 607
648	216	3
303	345	0	0.4675925925925926
105	111	0	0.4861111111111111
p = 613
648	36	18
337	311	0	0.5200617283950617
19	17	0	0.5277777777777778
p = 617
588	49	12
300	288	0	0.5102040816326531
21	28	0	0.42857142857142855
p = 619
630	210	3
337	293	0	0.5349206349206349
105	105	0	0.5
p = 631
639	71	9
329	310	0	0.514866979655712
27	44	0	0.38028169014084506
p = 641
612	12	51
291	321	0	0.47549019607843135
5	7	0	0.4166666666666667
p = 643
630	21	30
298	332	0	0.473015873015873
13	8	0	0.6190476190476191
p = 647
624	104	6
298	326	0	0.4775641025641026
51	53	0	0.49038461538461536
p = 653
630	210	3
322	308	0	0.5111111111111111
120	90	0	0.5714285714285714
p = 659
636	53	12
339	297	0	0.5330188679245284
25	28	0	0.4716981132075472
p = 661
630	14	45
305	325	0	0.48412698412698413
1	13	0	0.07142857142857142
p = 673
648	18	36
340	308	0	0.5246913580246914
16	2	0	0.8888888888888888
p = 677
660	110	6
354	306	0	0.5363636363636364
54	56	0	0.4909090909090909
p = 683
696	8	87
337	359	0	0.48419540229885055
3	5	0	0.375
p = 691
648	24	27
308	340	0	0.47530864197530864
14	10	0	0.5833333333333334
p = 701
738	82	9
394	344	0	0.5338753387533876
50	32	0	0.6097560975609756
p = 709
711	237	3
335	376	0	0.4711673699015471
105	132	0	0.4430379746835443
p = 719
753	251	3
399	354	0	0.5298804780876494
141	110	0	0.5617529880478087
p = 727
738	246	3
363	375	0	0.491869918699187
119	127	0	0.483739837398374
p = 733
702	39	18
338	364	0	0.48148148148148145
21	18	0	0.5384615384615384
p = 739
720	30	24
362	358	0	0.5027777777777778
22	8	0	0.7333333333333333
p = 743
750	250	3
394	356	0	0.5253333333333333
146	104	0	0.584
p = 751
756	126	6
375	381	0	0.49603174603174605
64	62	0	0.5079365079365079
p = 757
711	79	9
369	342	0	0.5189873417721519
41	38	0	0.5189873417721519
p = 761
711	237	3
345	366	0	0.48523206751054854
109	128	0	0.459915611814346
p = 769
810	45	18
394	416	0	0.48641975308641977
21	24	0	0.4666666666666667
p = 773
795	265	3
397	398	0	0.49937106918238994
139	126	0	0.5245283018867924
p = 787
774	129	6
362	412	0	0.46770025839793283
49	80	0	0.3798449612403101
p = 797
804	134	6
382	422	0	0.47512437810945274
80	54	0	0.5970149253731343
p = 809
804	67	12
402	402	0	0.5
37	30	0	0.5522388059701493
p = 811
864	32	27
439	425	0	0.5081018518518519
17	15	0	0.53125
p = 821
786	131	6
380	406	0	0.48346055979643765
59	72	0	0.45038167938931295
p = 823
819	273	3
415	404	0	0.5067155067155067
137	136	0	0.5018315018315018
p = 827
792	88	9
386	406	0	0.48737373737373735
34	54	0	0.38636363636363635
p = 829
828	276	3
412	416	0	0.4975845410628019
122	154	0	0.4420289855072464
p = 839
861	287	3
415	446	0	0.4819976771196283
129	158	0	0.44947735191637633
p = 853
810	45	18
412	398	0	0.508641975308642
23	22	0	0.5111111111111111
p = 857
855	285	3
421	434	0	0.49239766081871345
137	148	0	0.4807017543859649
p = 859
882	147	6
445	437	0	0.5045351473922902
77	70	0	0.5238095238095238
p = 863
870	145	6
463	407	0	0.532183908045977
79	66	0	0.5448275862068965
p = 877
909	303	3
467	442	0	0.5137513751375138
155	148	0	0.5115511551155115
p = 881
864	48	18
436	428	0	0.5046296296296297
21	27	0	0.4375
p = 883
891	99	9
425	466	0	0.4769921436588103
49	50	0	0.494949494949495
p = 887
909	303	3
467	442	0	0.5137513751375138
153	150	0	0.504950495049505
p = 907
963	321	3
507	456	0	0.5264797507788161
163	158	0	0.5077881619937694
p = 911
942	314	3
477	465	0	0.5063694267515924
175	139	0	0.5573248407643312
p = 919
891	99	9
461	430	0	0.5173961840628507
59	40	0	0.5959595959595959
p = 929
903	43	21
453	450	0	0.5016611295681063
25	18	0	0.5813953488372093
p = 937
972	108	9
486	486	0	0.5
58	50	0	0.5370370370370371
p = 941
969	323	3
477	492	0	0.49226006191950467
161	162	0	0.4984520123839009
p = 947
984	164	6
482	502	0	0.4898373983739837
78	86	0	0.47560975609756095
p = 953
1008	56	18
518	490	0	0.5138888888888888
28	28	0	0.5
p = 967
1008	42	24
513	495	0	0.5089285714285714
21	21	0	0.5
p = 971
951	317	3
469	482	0	0.4931650893796004
147	170	0	0.4637223974763407
p = 977
942	157	6
501	441	0	0.5318471337579618
71	86	0	0.45222929936305734
p = 983
981	327	3
471	510	0	0.4801223241590214
163	164	0	0.4984709480122324
p = 991
945	105	9
443	502	0	0.4687830687830688
59	46	0	0.5619047619047619
p = 997
1008	336	3
491	517	0	0.4871031746031746
157	179	0	0.46726190476190477
p = 1009
981	109	9
511	470	0	0.5208970438328236
59	50	0	0.5412844036697247
p = 1013
1071	51	21
529	542	0	0.4939309056956116
15	36	0	0.29411764705882354
p = 1019
1080	180	6
562	518	0	0.5203703703703704
96	84	0	0.5333333333333333
p = 1021
972	108	9
489	483	0	0.5030864197530864
47	61	0	0.4351851851851852
p = 1031
1008	336	3
484	524	0	0.4801587301587302
158	178	0	0.47023809523809523
p = 1033
999	333	3
509	490	0	0.5095095095095095
151	182	0	0.45345345345345345
p = 1039
1026	38	27
520	506	0	0.50682261208577
18	20	0	0.47368421052631576
p = 1049
1065	355	3
519	546	0	0.48732394366197185
177	178	0	0.49859154929577465
p = 1051
1080	90	12
551	529	0	0.5101851851851852
34	56	0	0.37777777777777777
p = 1061
1038	173	6
521	517	0	0.5019267822736031
85	88	0	0.4913294797687861
p = 1063
1080	60	18
528	552	0	0.4888888888888889
24	36	0	0.4
p = 1069
1080	30	36
566	514	0	0.524074074074074
16	14	0	0.5333333333333333
p = 1087
1089	363	3
527	562	0	0.4839302112029385
157	206	0	0.4325068870523416
p = 1091
1059	353	3
517	542	0	0.48819641170915956
173	180	0	0.49008498583569404
p = 1093
1116	186	6
567	549	0	0.5080645161290323
105	81	0	0.5645161290322581
p = 1097
1041	347	3
507	534	0	0.48703170028818443
189	158	0	0.5446685878962536
p = 1103
1122	374	3
573	549	0	0.5106951871657754
197	177	0	0.5267379679144385
p = 1109
1107	369	3
577	530	0	0.5212285456187895
175	194	0	0.4742547425474255
p = 1117
1080	60	18
532	548	0	0.4925925925925926
28	32	0	0.4666666666666667
p = 1123
1188	396	3
590	598	0	0.49663299663299665
182	214	0	0.4595959595959596
p = 1129
1152	48	24
588	564	0	0.5104166666666666
26	22	0	0.5416666666666666
p = 1151
1155	77	15
587	568	0	0.5082251082251082
39	38	0	0.5064935064935064
p = 1153
1098	366	3
537	561	0	0.4890710382513661
187	179	0	0.5109289617486339
p = 1163
1176	28	42
562	614	0	0.477891156462585
8	20	0	0.2857142857142857
p = 1171
1143	381	3
573	570	0	0.5013123359580053
191	190	0	0.5013123359580053
p = 1181
1155	385	3
559	596	0	0.48398268398268396
197	188	0	0.5116883116883116
p = 1187
1128	47	24
560	568	0	0.49645390070921985
21	26	0	0.44680851063829785
p = 1193
1257	419	3
651	606	0	0.5178997613365155
209	210	0	0.4988066825775656
p = 1201
1224	12	102
636	588	0	0.5196078431372549
8	4	0	0.6666666666666666
p = 1213
1251	417	3
625	626	0	0.49960031974420466
193	224	0	0.4628297362110312
p = 1217
1212	101	12
592	620	0	0.4884488448844885
47	54	0	0.46534653465346537
p = 1223
1167	389	3
599	568	0	0.5132819194515853
181	208	0	0.4652956298200514
p = 1229
1194	199	6
585	609	0	0.4899497487437186
103	96	0	0.5175879396984925
p = 1231
1260	210	6
647	613	0	0.5134920634920634
119	91	0	0.5666666666666667
p = 1237
1188	66	18
588	600	0	0.494949494949495
30	36	0	0.45454545454545453
p = 1249
1224	51	24
633	591	0	0.5171568627450981
37	14	0	0.7254901960784313
p = 1259
1305	145	9
631	674	0	0.4835249042145594
87	58	0	0.6
p = 1277
1263	421	3
615	648	0	0.48693586698337293
211	210	0	0.501187648456057
p = 1279
1314	438	3
659	655	0	0.5015220700152208
215	223	0	0.4908675799086758
p = 1283
1296	216	6
646	650	0	0.4984567901234568
118	98	0	0.5462962962962963
p = 1289
1320	110	12
640	680	0	0.48484848484848486
64	46	0	0.5818181818181818
p = 1291
1296	144	9
645	651	0	0.4976851851851852
55	89	0	0.3819444444444444
p = 1297
1341	447	3
671	670	0	0.5003728560775541
241	206	0	0.5391498881431768
p = 1301
1272	106	12
626	646	0	0.4921383647798742
51	55	0	0.4811320754716981
p = 1303
1305	87	15
653	652	0	0.5003831417624521
37	50	0	0.42528735632183906
p = 1307
1371	457	3
683	688	0	0.49817651349380015
213	244	0	0.4660831509846827
p = 1319
1311	437	3
643	668	0	0.49046529366895497
209	228	0	0.4782608695652174
p = 1321
1368	456	3
665	703	0	0.4861111111111111
227	229	0	0.49780701754385964
p = 1327
1305	435	3
655	650	0	0.5019157088122606
241	194	0	0.5540229885057472
p = 1361
1332	222	6
651	681	0	0.48873873873873874
102	120	0	0.4594594594594595
p = 1367
1428	476	3
691	737	0	0.4838935574229692
217	259	0	0.45588235294117646
p = 1373
1398	233	6
734	664	0	0.525035765379113
135	98	0	0.5793991416309013
p = 1381
1395	93	15
669	726	0	0.47956989247311826
53	40	0	0.5698924731182796
p = 1399
1440	480	3
689	751	0	0.47847222222222224
221	259	0	0.46041666666666664
p = 1409
1458	486	3
720	738	0	0.49382716049382713
234	252	0	0.48148148148148145
p = 1423
1449	483	3
707	742	0	0.48792270531400966
221	262	0	0.4575569358178054
p = 1427
1443	481	3
739	704	0	0.5121275121275122
235	246	0	0.4885654885654886
p = 1429
1485	495	3
771	714	0	0.5191919191919192
237	258	0	0.47878787878787876
p = 1433
1443	481	3
741	702	0	0.5135135135135135
239	242	0	0.4968814968814969
p = 1439
1470	245	6
735	735	0	0.5
119	126	0	0.4857142857142857
p = 1447
1386	231	6
711	675	0	0.512987012987013
117	114	0	0.5064935064935064
p = 1451
1452	484	3
730	722	0	0.5027548209366391
240	244	0	0.49586776859504134
p = 1453
1440	30	48
712	728	0	0.49444444444444446
8	22	0	0.26666666666666666
p = 1459
1476	492	3
767	709	0	0.5196476964769647
271	221	0	0.5508130081300813
p = 1471
1449	69	21
733	716	0	0.5058661145617668
45	24	0	0.6521739130434783
p = 1481
1518	253	6
759	759	0	0.5
125	128	0	0.49407114624505927
p = 1483
1458	243	6
721	737	0	0.4945130315500686
135	108	0	0.5555555555555556
p = 1487
1512	126	12
768	744	0	0.5079365079365079
64	62	0	0.5079365079365079
p = 1489
1458	243	6
748	710	0	0.5130315500685871
113	130	0	0.46502057613168724
p = 1493
1428	28	51
692	736	0	0.484593837535014
18	10	0	0.6428571428571429
p = 1499
1434	239	6
732	702	0	0.5104602510460251
117	122	0	0.4895397489539749
p = 1511
1449	7	207
697	752	0	0.4810213940648723
7	0	0	1.0
p = 1523
1512	126	12
779	733	0	0.5152116402116402
57	69	0	0.4523809523809524
p = 1531
1584	44	36
767	817	0	0.4842171717171717
27	17	0	0.6136363636363636
p = 1543
1548	172	9
782	766	0	0.5051679586563308
80	92	0	0.46511627906976744
p = 1549
1620	18	90
835	785	0	0.5154320987654321
7	11	0	0.3888888888888889
p = 1553
1488	124	12
753	735	0	0.5060483870967742
59	65	0	0.47580645161290325
p = 1559
1533	511	3
783	750	0	0.5107632093933464
253	258	0	0.49510763209393344
p = 1567
1530	85	18
734	796	0	0.4797385620915033
39	46	0	0.4588235294117647
p = 1571
1635	545	3
793	842	0	0.4850152905198777
245	300	0	0.44954128440366975
p = 1579
1575	525	3
793	782	0	0.5034920634920635
259	266	0	0.49333333333333335
p = 1583
1530	5	306
744	786	0	0.48627450980392156
1	4	0	0.2
p = 1597
1629	543	3
797	832	0	0.4892572130141191
279	264	0	0.5138121546961326
p = 1601
1536	256	6
784	752	0	0.5104166666666666
145	111	0	0.56640625
p = 1607
1662	277	6
825	837	0	0.4963898916967509
139	138	0	0.5018050541516246
p = 1609
1548	258	6
794	754	0	0.5129198966408268
126	132	0	0.4883720930232558
p = 1613
1647	549	3
829	818	0	0.5033394049787493
255	294	0	0.4644808743169399
p = 1619
1662	554	3
865	797	0	0.5204572803850782
283	271	0	0.5108303249097473
p = 1621
1647	183	9
801	846	0	0.48633879781420764
87	96	0	0.47540983606557374
p = 1627
1566	87	18
803	763	0	0.5127713920817369
49	38	0	0.5632183908045977
p = 1637
1584	44	36
805	779	0	0.5082070707070707
24	20	0	0.5454545454545454
p = 1657
1692	141	12
832	860	0	0.491725768321513
89	52	0	0.6312056737588653
p = 1663
1620	54	30
842	778	0	0.519753086419753
28	26	0	0.5185185185185185
p = 1667
1626	271	6
796	830	0	0.48954489544895446
141	130	0	0.5202952029520295
p = 1669
1746	291	6
860	886	0	0.4925544100801833
141	150	0	0.4845360824742268
p = 1693
1620	36	45
818	802	0	0.5049382716049383
16	20	0	0.4444444444444444
p = 1697
1680	140	12
833	847	0	0.49583333333333335
75	65	0	0.5357142857142857
p = 1699
1656	276	6
851	805	0	0.5138888888888888
155	121	0	0.5615942028985508
p = 1709
1710	19	90
840	870	0	0.49122807017543857
11	8	0	0.5789473684210527
p = 1721
1752	73	24
897	855	0	0.511986301369863
29	44	0	0.3972602739726027
p = 1723
1647	61	27
817	830	0	0.49605343047966
35	26	0	0.5737704918032787
p = 1733
1680	5	336
849	831	0	0.5053571428571428
1	4	0	0.2
p = 1741
1782	594	3
880	902	0	0.49382716049382713
288	306	0	0.48484848484848486
p = 1747
1764	294	6
849	915	0	0.4812925170068027
156	138	0	0.5306122448979592
p = 1753
1782	66	27
925	857	0	0.5190796857463524
29	37	0	0.4393939393939394
p = 1759
1737	579	3
881	856	0	0.5071963154864709
271	308	0	0.4680483592400691
p = 1777
1836	17	108
899	937	0	0.48965141612200436
7	10	0	0.4117647058823529
p = 1783
1782	198	9
894	888	0	0.5016835016835017
120	78	0	0.6060606060606061
p = 1787
1728	576	3
904	824	0	0.5231481481481481
290	286	0	0.5034722222222222
p = 1789
1755	195	9
847	908	0	0.4826210826210826
101	94	0	0.517948717948718
p = 1801
1791	597	3
883	908	0	0.49302065884980456
293	304	0	0.490787269681742
p = 1811
1767	589	3
891	876	0	0.5042444821731749
283	306	0	0.48047538200339557
p = 1823
1815	605	3
903	912	0	0.4975206611570248
295	310	0	0.48760330578512395
p = 1831
1845	615	3
925	920	0	0.5013550135501355
303	312	0	0.4926829268292683
p = 1847
1905	127	15
969	936	0	0.5086614173228347
51	76	0	0.4015748031496063
p = 1861
1926	321	6
936	990	0	0.48598130841121495
167	154	0	0.5202492211838006
p = 1867
1818	303	6
881	937	0	0.4845984598459846
147	156	0	0.48514851485148514
p = 1871
1860	5	372
909	951	0	0.48870967741935484
1	4	0	0.2
p = 1873
1845	615	3
907	938	0	0.4915989159891599
301	314	0	0.4894308943089431
p = 1877
1848	616	3
961	887	0	0.520021645021645
331	285	0	0.5373376623376623
p = 1879
1926	321	6
1000	926	0	0.5192107995846313
181	140	0	0.5638629283489096
p = 1889
1863	207	9
955	908	0	0.512614063338701
99	108	0	0.4782608695652174
p = 1901
1908	159	12
965	943	0	0.5057651991614256
75	84	0	0.4716981132075472
p = 1907
1911	637	3
919	992	0	0.48090005232862376
305	332	0	0.478806907378336
p = 1913
1908	636	3
942	966	0	0.4937106918238994
302	334	0	0.4748427672955975
p = 1931
1983	661	3
1033	950	0	0.5209278870398386
335	326	0	0.5068078668683812
p = 1933
1899	633	3
953	946	0	0.5018430753027909
301	332	0	0.4755134281200632
p = 1949
1995	665	3
1013	982	0	0.5077694235588972
335	330	0	0.5037593984962406
p = 1951
1890	7	270
906	984	0	0.4793650793650794
5	2	0	0.7142857142857143
p = 1973
1977	659	3
1017	960	0	0.5144157814871017
339	320	0	0.5144157814871017
p = 1979
1923	641	3
993	930	0	0.516380655226209
315	326	0	0.4914196567862715
p = 1987
1962	654	3
966	996	0	0.4923547400611621
308	346	0	0.4709480122324159
p = 1993
1998	222	9
997	1001	0	0.498998998998999
119	103	0	0.536036036036036
p = 1997
1986	331	6
962	1024	0	0.48439073514602216
153	178	0	0.4622356495468278
p = 1999
2016	336	6
1028	988	0	0.5099206349206349
160	176	0	0.47619047619047616
