#E(F_p)	#E(Q)	index
totalsplit	totalinert	totalramified	totalsplitpercentage
split	inert	ramified	splitpercentage
p = 2
3	1	3
3	0	0	1.0
1	0	0	1.0
p = 5
9	3	3
5	4	2	0.5555555555555556
1	2	0	0.3333333333333333
p = 11
18	6	3
12	6	2	0.6666666666666666
6	0	2	1.0
p = 13
18	6	3
11	7	2	0.6111111111111112
5	1	2	0.8333333333333334
p = 17
21	7	3
9	12	2	0.42857142857142855
1	6	0	0.14285714285714285
p = 19
18	6	3
14	4	2	0.7777777777777778
4	2	0	0.6666666666666666
p = 23
18	3	6
11	7	0	0.6111111111111112
3	0	0	1.0
p = 29
24	8	3
11	13	0	0.4583333333333333
5	3	0	0.625
p = 31
36	12	3
16	20	0	0.4444444444444444
2	10	0	0.16666666666666666
p = 37
45	15	3
27	18	0	0.6
5	10	0	0.3333333333333333
p = 41
39	13	3
21	18	2	0.5384615384615384
9	4	0	0.6923076923076923
p = 43
45	15	3
23	22	2	0.5111111111111111
9	6	0	0.6
p = 47
57	19	3
27	30	0	0.47368421052631576
7	12	0	0.3684210526315789
p = 53
48	8	6
26	22	2	0.5416666666666666
6	2	0	0.75
p = 59
69	23	3
33	36	0	0.4782608695652174
11	12	0	0.4782608695652174
p = 61
72	24	3
36	36	2	0.5
16	8	2	0.6666666666666666
p = 67
72	12	6
38	34	0	0.5277777777777778
4	8	0	0.3333333333333333
p = 71
72	4	18
37	35	2	0.5138888888888888
1	3	0	0.25
p = 73
72	4	18
43	29	2	0.5972222222222222
3	1	0	0.75
p = 79
81	9	9
47	34	0	0.5802469135802469
3	6	0	0.3333333333333333
p = 83
87	29	3
39	48	2	0.4482758620689655
15	14	0	0.5172413793103449
p = 89
96	8	12
47	49	0	0.4895833333333333
6	2	0	0.75
p = 97
108	36	3
53	55	2	0.49074074074074076
15	21	0	0.4166666666666667
p = 101
108	18	6
62	46	2	0.5740740740740741
9	9	0	0.5
p = 103
90	15	6
39	51	0	0.43333333333333335
9	6	0	0.6
p = 107
114	19	6
62	52	2	0.543859649122807
11	8	0	0.5789473684210527
p = 109
99	33	3
51	48	2	0.5151515151515151
19	14	0	0.5757575757575758
p = 113
102	34	3
51	51	2	0.5
17	17	2	0.5
p = 127
135	15	9
71	64	0	0.5259259259259259
7	8	0	0.4666666666666667
p = 131
144	6	24
80	64	0	0.5555555555555556
3	3	0	0.5
p = 137
126	42	3
61	65	2	0.48412698412698413
19	23	2	0.4523809523809524
p = 139
162	54	3
77	85	2	0.47530864197530864
21	33	0	0.3888888888888889
p = 149
144	48	3
84	60	0	0.5833333333333334
34	14	0	0.7083333333333334
p = 151
171	57	3
85	86	2	0.49707602339181284
21	36	0	0.3684210526315789
p = 157
144	48	3
77	67	2	0.5347222222222222
21	27	0	0.4375
p = 163
171	57	3
91	80	0	0.5321637426900585
31	26	0	0.543859649122807
p = 167
165	55	3
91	74	2	0.5515151515151515
31	24	0	0.5636363636363636
p = 173
156	13	12
75	81	0	0.4807692307692308
3	10	0	0.23076923076923078
p = 179
192	64	3
96	96	2	0.5
28	36	0	0.4375
p = 181
162	9	18
81	81	2	0.5
9	0	0	1.0
p = 191
210	35	6
115	95	2	0.5476190476190477
21	14	0	0.6
p = 193
207	69	3
105	102	2	0.5072463768115942
31	38	0	0.4492753623188406
p = 197
180	20	9
97	83	2	0.5388888888888889
9	11	0	0.45
p = 199
180	30	6
101	79	2	0.5611111111111111
19	11	0	0.6333333333333333
p = 211
216	9	24
118	98	0	0.5462962962962963
3	6	0	0.3333333333333333
p = 223
216	8	27
115	101	0	0.5324074074074074
5	3	0	0.625
p = 227
216	36	6
102	114	0	0.4722222222222222
20	16	0	0.5555555555555556
p = 229
234	39	6
117	117	2	0.5
25	14	0	0.6410256410256411
p = 233
258	86	3
121	137	0	0.4689922480620155
47	39	0	0.5465116279069767
p = 239
228	76	3
122	106	0	0.5350877192982456
48	28	0	0.631578947368421
p = 241
234	78	3
120	114	2	0.5128205128205128
38	40	0	0.48717948717948717
p = 251
279	31	9
139	140	2	0.4982078853046595
19	12	0	0.6129032258064516
p = 257
252	42	6
113	139	0	0.44841269841269843
17	25	0	0.40476190476190477
p = 263
252	84	3
128	124	0	0.5079365079365079
40	44	0	0.47619047619047616
p = 269
273	91	3
147	126	0	0.5384615384615384
43	48	0	0.4725274725274725
p = 271
270	15	18
136	134	2	0.5037037037037037
13	2	0	0.8666666666666667
p = 277
261	87	3
131	130	2	0.5019157088122606
53	34	2	0.6091954022988506
p = 281
312	26	12
155	157	0	0.4967948717948718
15	11	0	0.5769230769230769
p = 283
270	30	9
134	136	2	0.4962962962962963
10	20	0	0.3333333333333333
p = 293
327	109	3
169	158	0	0.5168195718654435
61	48	0	0.5596330275229358
p = 307
306	17	18
162	144	0	0.5294117647058824
9	8	0	0.5294117647058824
p = 311
321	107	3
159	162	2	0.4953271028037383
59	48	2	0.5514018691588785
p = 313
306	51	6
164	142	2	0.5359477124183006
37	14	0	0.7254901960784313
p = 317
336	56	6
164	172	0	0.4880952380952381
30	26	0	0.5357142857142857
p = 331
333	111	3
153	180	2	0.4594594594594595
53	58	2	0.4774774774774775
p = 337
351	39	9
189	162	0	0.5384615384615384
19	20	0	0.48717948717948717
p = 347
348	116	3
181	167	0	0.5201149425287356
51	65	0	0.4396551724137931
p = 349
342	57	6
158	184	0	0.4619883040935672
35	22	0	0.6140350877192983
p = 353
333	111	3
173	160	2	0.5195195195195195
59	52	0	0.5315315315315315
p = 359
366	61	6
183	183	0	0.5
33	28	0	0.5409836065573771
p = 367
378	21	18
197	181	2	0.5211640211640212
9	12	0	0.42857142857142855
p = 373
351	117	3
173	178	2	0.4928774928774929
63	54	0	0.5384615384615384
p = 379
351	39	9
181	170	0	0.5156695156695157
23	16	0	0.5897435897435898
p = 383
369	123	3
199	170	2	0.5392953929539296
59	64	0	0.4796747967479675
p = 389
396	132	3
194	202	0	0.4898989898989899
66	66	0	0.5
p = 397
396	33	12
194	202	0	0.4898989898989899
15	18	0	0.45454545454545453
p = 401
414	69	6
202	212	2	0.48792270531400966
39	30	2	0.5652173913043478
p = 409
414	69	6
218	196	2	0.5265700483091788
33	36	0	0.4782608695652174
p = 419
399	133	3
189	210	0	0.47368421052631576
69	64	0	0.518796992481203
p = 421
432	8	54
235	197	0	0.5439814814814815
1	7	0	0.125
p = 431
444	37	12
239	205	0	0.5382882882882883
23	14	0	0.6216216216216216
p = 433
450	50	9
236	214	0	0.5244444444444445
30	20	0	0.6
p = 439
468	13	36
228	240	0	0.48717948717948717
9	4	0	0.6923076923076923
p = 443
462	154	3
229	233	2	0.49567099567099565
79	75	0	0.512987012987013
p = 449
450	50	9
222	228	0	0.49333333333333335
26	24	0	0.52
p = 457
432	24	18
213	219	0	0.4930555555555556
14	10	0	0.5833333333333334
p = 461
447	149	3
217	230	2	0.4854586129753915
65	84	0	0.436241610738255
p = 463
459	17	27
229	230	2	0.4989106753812636
3	14	0	0.17647058823529413
p = 467
492	82	6
260	232	0	0.5284552845528455
39	43	0	0.47560975609756095
p = 479
459	153	3
217	242	0	0.47276688453159044
83	70	0	0.5424836601307189
p = 487
504	84	6
249	255	2	0.49404761904761907
47	37	0	0.5595238095238095
p = 491
516	172	3
257	259	0	0.49806201550387597
93	79	0	0.5406976744186046
p = 499
495	33	15
245	250	2	0.494949494949495
11	22	0	0.3333333333333333
p = 503
477	53	9
227	250	2	0.4758909853249476
27	26	0	0.5094339622641509
p = 509
549	183	3
277	272	2	0.5045537340619308
105	78	0	0.5737704918032787
p = 521
561	187	3
273	288	0	0.48663101604278075
101	86	0	0.5401069518716578
p = 523
540	20	27
269	271	2	0.4981481481481482
9	11	0	0.45
p = 541
585	195	3
299	286	2	0.5111111111111111
109	86	0	0.558974358974359
p = 547
549	183	3
283	266	2	0.5154826958105647
103	80	0	0.5628415300546448
p = 557
570	95	6
277	293	0	0.48596491228070177
43	52	0	0.45263157894736844
p = 563
564	94	6
278	286	0	0.4929078014184397
48	46	0	0.5106382978723404
p = 569
552	23	24
291	261	0	0.5271739130434783
9	14	0	0.391304347826087
p = 571
549	183	3
285	264	0	0.5191256830601093
89	94	0	0.48633879781420764
p = 577
594	11	54
283	311	0	0.4764309764309764
5	6	0	0.45454545454545453
p = 587
600	20	30
306	294	0	0.51
9	11	0	0.45
p = 593
609	203	3
295	314	2	0.48440065681444994
105	98	0	0.5172413793103449
p = 599
618	206	3
295	323	2	0.4773462783171521
97	109	0	0.470873786407767
p = 601
594	198	3
290	304	0	0.4882154882154882
96	102	0	0.48484848484848486
p = 607
648	216	3
310	338	0	0.4783950617283951
106	110	0	0.49074074074074076
p = 613
648	36	18
330	318	2	0.5092592592592593
15	21	0	0.4166666666666667
p = 617
588	49	12
283	305	0	0.4812925170068027
27	22	0	0.5510204081632653
p = 619
630	210	3
320	310	0	0.5079365079365079
104	106	0	0.49523809523809526
p = 631
639	71	9
335	304	2	0.5242566510172144
35	36	0	0.49295774647887325
p = 641
612	12	51
316	296	2	0.5163398692810458
8	4	0	0.6666666666666666
p = 643
630	21	30
305	325	2	0.48412698412698413
9	12	2	0.42857142857142855
p = 647
624	104	6
321	303	2	0.5144230769230769
57	47	0	0.5480769230769231
p = 653
630	210	3
311	319	0	0.4936507936507937
99	111	0	0.4714285714285714
p = 659
636	53	12
322	314	2	0.5062893081761006
19	34	0	0.3584905660377358
p = 661
630	14	45
315	315	0	0.5
9	5	0	0.6428571428571429
p = 673
648	18	36
317	331	0	0.48919753086419754
11	7	0	0.6111111111111112
p = 677
660	110	6
310	350	2	0.4696969696969697
67	43	0	0.6090909090909091
p = 683
696	8	87
363	333	0	0.521551724137931
3	5	0	0.375
p = 691
648	24	27
334	314	0	0.5154320987654321
8	16	0	0.3333333333333333
p = 701
738	82	9
348	390	0	0.4715447154471545
42	40	0	0.5121951219512195
p = 709
711	237	3
347	364	0	0.4880450070323488
121	116	0	0.510548523206751
p = 719
753	251	3
393	360	2	0.5219123505976095
137	114	0	0.545816733067729
p = 727
738	246	3
396	342	2	0.5365853658536586
116	130	0	0.4715447154471545
p = 733
702	39	18
348	354	0	0.49572649572649574
23	16	0	0.5897435897435898
p = 739
720	30	24
342	378	0	0.475
11	19	0	0.36666666666666664
p = 743
750	250	3
383	367	2	0.5106666666666667
121	129	0	0.484
p = 751
756	126	6
369	387	2	0.4880952380952381
69	57	0	0.5476190476190477
p = 757
711	79	9
363	348	2	0.510548523206751
49	30	0	0.620253164556962
p = 761
711	237	3
373	338	2	0.5246132208157525
139	98	2	0.5864978902953587
p = 769
810	45	18
406	404	0	0.5012345679012346
31	14	0	0.6888888888888889
p = 773
795	265	3
395	400	0	0.4968553459119497
147	118	0	0.5547169811320755
p = 787
774	129	6
368	406	2	0.4754521963824289
63	66	0	0.4883720930232558
p = 797
804	134	6
420	384	2	0.5223880597014925
64	70	0	0.47761194029850745
p = 809
804	67	12
404	400	2	0.5024875621890548
33	34	2	0.4925373134328358
p = 811
864	32	27
428	436	2	0.49537037037037035
16	16	0	0.5
p = 821
786	131	6
382	404	2	0.4860050890585242
75	56	0	0.5725190839694656
p = 823
819	273	3
385	434	0	0.4700854700854701
117	156	0	0.42857142857142855
p = 827
792	88	9
420	372	2	0.5303030303030303
50	38	0	0.5681818181818182
p = 829
828	276	3
398	430	0	0.4806763285024155
142	134	0	0.5144927536231884
p = 839
861	287	3
423	438	2	0.4912891986062718
129	158	0	0.44947735191637633
p = 853
810	45	18
430	380	0	0.5308641975308642
31	14	0	0.6888888888888889
p = 857
855	285	3
451	404	2	0.5274853801169591
153	132	2	0.5368421052631579
p = 859
882	147	6
434	448	2	0.49206349206349204
71	76	0	0.48299319727891155
p = 863
870	145	6
432	438	0	0.496551724137931
79	66	0	0.5448275862068965
p = 877
909	303	3
437	472	2	0.4807480748074808
143	160	0	0.47194719471947194
p = 881
864	48	18
453	411	0	0.5243055555555556
34	14	0	0.7083333333333334
p = 883
891	99	9
431	460	0	0.4837261503928171
55	44	0	0.5555555555555556
p = 887
909	303	3
467	442	2	0.5137513751375138
171	132	0	0.5643564356435643
p = 907
963	321	3
485	478	2	0.5036344755970924
179	142	0	0.557632398753894
p = 911
942	314	3
449	493	2	0.47664543524416136
155	159	0	0.49363057324840764
p = 919
891	99	9
425	466	2	0.4769921436588103
49	50	0	0.494949494949495
p = 929
903	43	21
439	464	2	0.48615725359911405
27	16	0	0.627906976744186
p = 937
972	108	9
483	489	0	0.49691358024691357
61	47	0	0.5648148148148148
p = 941
969	323	3
481	488	2	0.49638802889576883
169	154	0	0.5232198142414861
p = 947
984	164	6
469	515	0	0.4766260162601626
67	97	0	0.40853658536585363
p = 953
1008	56	18
511	497	0	0.5069444444444444
27	29	0	0.48214285714285715
p = 967
1008	42	24
500	508	0	0.49603174603174605
20	22	0	0.47619047619047616
p = 971
951	317	3
475	476	2	0.49947423764458465
159	158	2	0.501577287066246
p = 977
942	157	6
472	470	2	0.5010615711252654
77	80	0	0.49044585987261147
p = 983
981	327	3
495	486	2	0.5045871559633027
181	146	0	0.5535168195718655
p = 991
945	105	9
459	486	2	0.4857142857142857
45	60	0	0.42857142857142855
p = 997
1008	336	3
501	507	2	0.49702380952380953
159	177	2	0.4732142857142857
