#E(F_p)	#E(Q)	index
totalsplit	totalinert	totalramified	totalsplitpercentage
split	inert	ramified	splitpercentage
p = 20323
20268	3378	6
10177	10091	2	0.5021215709492797
1680	1698	0	0.49733570159857904
p = 20327
20352	3392	6
10084	10268	0	0.49547955974842767
1644	1748	0	0.4846698113207547
p = 20333
20397	6799	3
10065	10332	0	0.4934549198411531
3403	3396	0	0.5005147815855273
p = 20341
20466	1137	18
10107	10359	0	0.4938434476693052
593	544	0	0.5215479331574319
p = 20347
20178	6726	3
10131	10047	0	0.5020814748736248
3457	3269	0	0.5139756170086233
p = 20353
20205	1347	15
10197	10008	0	0.5046770601336303
741	606	0	0.5501113585746102
p = 20357
20394	1133	18
10228	10166	2	0.5015200549181131
561	572	0	0.49514563106796117
p = 20359
20412	1134	18
10123	10289	0	0.495933764452283
541	593	0	0.47707231040564374
p = 20369
20472	3412	6
10212	10260	2	0.4988276670574443
1754	1658	2	0.5140679953106683
p = 20389
20628	6876	3
10325	10303	0	0.5005332557688579
3475	3401	0	0.5053810354857475
p = 20393
20400	6800	3
10302	10098	2	0.505
3370	3430	0	0.49558823529411766
p = 20399
20334	6778	3
10067	10267	0	0.49508212845480476
3359	3419	0	0.4955739156093243
p = 20407
20313	6771	3
10191	10122	0	0.5016984197312067
3415	3356	0	0.5043568158322257
p = 20411
20331	2259	9
10141	10190	2	0.4987949436820619
1087	1172	0	0.481186365648517
p = 20431
20592	6864	3
10280	10312	0	0.49922299922299923
3440	3424	0	0.5011655011655012
p = 20441
20274	6758	3
10083	10191	0	0.4973364900858242
3291	3467	0	0.4869783959751406
p = 20443
20340	3390	6
10102	10238	0	0.49665683382497544
1654	1736	0	0.487905604719764
p = 20477
20622	982	21
10368	10254	2	0.5027640384055863
432	550	0	0.439918533604888
p = 20479
20664	861	24
10453	10211	2	0.5058555942702284
445	416	0	0.5168408826945412
p = 20483
20610	2290	9
10310	10300	0	0.500242600679282
1186	1104	0	0.5179039301310043
p = 20507
20436	3406	6
10293	10143	2	0.5036699941280094
1701	1705	0	0.4994128009395185
p = 20509
20592	6864	3
10322	10270	2	0.5012626262626263
3476	3388	0	0.5064102564102564
p = 20521
20619	6873	3
10229	10390	2	0.4960958339395703
3355	3518	2	0.48814200494689364
p = 20533
20655	2295	9
10253	10402	2	0.4963931251512951
1113	1182	0	0.4849673202614379
p = 20543
20493	6831	3
10191	10302	0	0.49729175816132337
3449	3382	0	0.5049041135997657
p = 20549
20412	3402	6
10095	10317	0	0.4945620223398001
1691	1711	0	0.49706055261610815
p = 20551
20484	6828	3
10263	10221	2	0.5010251903925015
3381	3447	0	0.4951669595782074
p = 20563
20331	753	27
10121	10210	2	0.4978112242388471
397	356	0	0.5272244355909694
p = 20593
20664	2296	9
10376	10288	2	0.5021293070073558
1116	1180	2	0.48606271777003485
p = 20599
20610	3435	6
10400	10210	2	0.5046094129063562
1763	1672	0	0.5132459970887918
p = 20611
20664	6888	3
10353	10311	2	0.5010162601626016
3385	3503	2	0.49143437862950057
p = 20627
20535	6845	3
10203	10332	0	0.4968590211833455
3337	3508	0	0.487509130752374
p = 20639
20727	6909	3
10421	10306	0	0.5027741593091137
3431	3478	0	0.4965986394557823
p = 20641
20826	6942	3
10462	10364	0	0.5023528281955248
3534	3408	0	0.5090751944684528
p = 20663
20709	2301	9
10441	10268	0	0.5041769279057414
1123	1178	0	0.48804867448935246
p = 20681
20487	6829	3
10219	10268	0	0.4988041196856543
3411	3418	0	0.4994874798652804
p = 20693
20868	3478	6
10358	10510	2	0.49635806018784745
1756	1722	0	0.5048878665899943
p = 20707
20961	6987	3
10375	10586	0	0.49496684318496253
3415	3572	0	0.48876484900529554
p = 20717
20550	6850	3
10333	10217	2	0.5028223844282238
3531	3319	0	0.5154744525547446
p = 20719
20700	2300	9
10239	10461	0	0.4946376811594203
1141	1159	0	0.4960869565217391
p = 20731
20817	2313	9
10461	10356	0	0.5025219772301485
1179	1134	0	0.5097276264591439
p = 20743
20556	571	36
10411	10145	2	0.5064701303755594
277	294	0	0.4851138353765324
p = 20747
20895	199	105
10503	10392	2	0.5026561378320172
91	108	0	0.457286432160804
p = 20749
20772	1731	12
10423	10349	0	0.5017812439822839
863	868	0	0.49855574812247255
p = 20753
20580	3430	6
10283	10297	0	0.4996598639455782
1737	1693	0	0.5064139941690962
p = 20759
20544	6848	3
10356	10188	0	0.5040887850467289
3444	3404	0	0.5029205607476636
p = 20771
20688	6896	3
10344	10344	0	0.5
3478	3418	0	0.5043503480278422
p = 20773
20709	767	27
10379	10330	0	0.5011830605050944
399	368	0	0.5202086049543677
p = 20789
20709	177	117
10389	10320	2	0.5016659423439085
87	90	0	0.4915254237288136
p = 20807
20847	6949	3
10433	10414	2	0.5004557010601046
3477	3472	2	0.5003597639948194
p = 20809
20790	462	45
10354	10436	0	0.49802789802789804
218	244	0	0.47186147186147187
p = 20849
20688	1724	12
10408	10280	2	0.5030935808197989
832	892	0	0.48259860788863107
p = 20857
20853	21	993
10349	10504	0	0.49628350836810053
11	10	0	0.5238095238095238
p = 20873
20787	6929	3
10293	10494	2	0.49516524751046326
3387	3542	0	0.4888151248376389
p = 20879
21129	7043	3
10583	10546	0	0.5008755738558379
3475	3568	0	0.49339769984381654
p = 20887
20862	6954	3
10467	10395	2	0.501725625539258
3503	3451	0	0.5037388553350589
p = 20897
20796	1733	12
10392	10404	2	0.4997114829774957
907	826	0	0.5233698788228506
p = 20899
21105	7035	3
10601	10504	2	0.5022980336413172
3589	3446	0	0.5101634683724235
p = 20903
20964	1747	12
10498	10466	2	0.5007632131272658
913	834	0	0.522610188895249
p = 20921
21132	3522	6
10488	10644	2	0.49630891538898353
1776	1746	2	0.504258943781942
p = 20929
21060	1404	15
10617	10443	2	0.5041310541310541
717	687	0	0.5106837606837606
p = 20939
20916	1743	12
10385	10531	2	0.49650984891948746
871	872	0	0.49971313826735514
p = 20947
20790	330	63
10485	10305	0	0.5043290043290043
177	153	0	0.5363636363636364
p = 20959
20988	3498	6
10418	10570	0	0.496378883171336
1715	1783	0	0.49028016009148084
p = 20963
20775	1385	15
10313	10462	2	0.4964139590854392
701	684	0	0.5061371841155234
p = 20981
21072	7024	3
10455	10617	2	0.4961560364464693
3521	3503	0	0.5012813211845103
p = 20983
21123	7041	3
10659	10464	0	0.5046158216162477
3471	3570	0	0.4929697486152535
p = 21001
21132	3522	6
10667	10465	0	0.5047794813552906
1838	1684	0	0.521862578080636
p = 21011
21156	1763	12
10492	10664	0	0.4959349593495935
883	880	0	0.500850822461713
p = 21013
21060	1170	18
10507	10553	0	0.4989078822412156
527	643	0	0.45042735042735044
p = 21017
21231	1011	21
10585	10646	2	0.4985634214120861
513	498	0	0.5074183976261127
p = 21019
21006	3501	6
10581	10425	2	0.5037132247929164
1701	1800	0	0.48586118251928023
p = 21023
21120	3520	6
10421	10699	2	0.4934185606060606
1773	1747	0	0.5036931818181818
p = 21031
21114	7038	3
10518	10596	2	0.49815288434214267
3450	3588	0	0.49019607843137253
p = 21059
21297	7099	3
10743	10554	0	0.5044372446823496
3529	3570	0	0.497112269333709
p = 21061
21186	3531	6
10716	10470	0	0.5058057207589918
1753	1778	0	0.4964599263664684
p = 21067
20844	1158	18
10437	10407	2	0.5007196315486471
574	584	0	0.49568221070811747
p = 21089
20937	6979	3
10441	10496	0	0.4986865357978698
3407	3572	0	0.4881788221808282
p = 21101
21147	7049	3
10499	10648	2	0.4964770416607557
3477	3572	0	0.49326145552560646
p = 21107
21288	7096	3
10619	10669	2	0.49882562946260806
3627	3469	2	0.5111330326944757
p = 21121
21060	195	108
10595	10465	0	0.5030864197530864
107	88	0	0.5487179487179488
p = 21139
21060	2340	9
10507	10553	0	0.4989078822412156
1215	1125	0	0.5192307692307693
p = 21143
21213	7071	3
10731	10482	2	0.5058690425682365
3553	3518	0	0.5024748974685335
p = 21149
21048	7016	3
10510	10538	2	0.49933485366780694
3574	3442	2	0.5094070695553021
p = 21157
21204	372	57
10551	10653	2	0.4975947934352009
179	193	0	0.48118279569892475
p = 21163
21105	7035	3
10431	10674	2	0.49424307036247334
3555	3480	2	0.5053304904051172
p = 21169
20925	2325	9
10351	10574	0	0.4946714456391876
1189	1136	0	0.5113978494623656
p = 21179
21384	3564	6
10780	10604	2	0.5041152263374485
1798	1766	0	0.5044893378226711
p = 21187
21168	168	126
10650	10518	0	0.5031179138321995
78	90	0	0.4642857142857143
p = 21191
21132	3522	6
10525	10607	0	0.4980598144993375
1803	1719	0	0.5119250425894378
p = 21193
21033	7011	3
10471	10562	0	0.49783673275329243
3495	3516	0	0.4985023534445871
p = 21211
21033	779	27
10451	10582	2	0.496885846051443
371	408	0	0.4762516046213094
p = 21221
21162	7054	3
10638	10524	0	0.5026935072299404
3486	3568	0	0.4941876949248653
p = 21227
21327	7109	3
10631	10696	0	0.4984761100951845
3633	3476	0	0.5110423406948938
p = 21247
21501	7167	3
10757	10744	0	0.5003023115203944
3605	3562	0	0.5029998604716059
p = 21269
21024	1752	12
10588	10436	2	0.5036149162861492
883	869	0	0.5039954337899544
p = 21277
21024	876	24
10441	10583	0	0.4966229071537291
433	443	0	0.4942922374429224
p = 21283
21096	3516	6
10422	10674	2	0.49402730375426623
1744	1772	0	0.4960182025028441
p = 21313
21420	7140	3
10725	10695	2	0.5007002801120448
3625	3515	0	0.507703081232493
p = 21317
21474	7158	3
10657	10817	2	0.4962745645897364
3553	3605	0	0.496367700474993
p = 21319
21249	7083	3
10755	10494	2	0.5061414654807285
3589	3494	0	0.5067061979387265
p = 21323
21102	3517	6
10525	10577	2	0.4987678892995925
1769	1748	0	0.5029854990048337
p = 21341
21225	1415	15
10595	10630	0	0.4991755005889282
647	768	0	0.45724381625441696
p = 21347
21126	503	42
10702	10424	2	0.5065795701978605
261	242	0	0.5188866799204771
p = 21377
21093	7031	3
10549	10544	2	0.5001185227326601
3561	3470	0	0.5064713412032428
p = 21379
21627	801	27
10753	10874	0	0.49720257086049846
391	410	0	0.48813982521847693
p = 21383
21399	7133	3
10633	10766	2	0.4968923781485116
3485	3648	2	0.48857423244076825
p = 21391
21492	1194	18
10841	10651	0	0.5044202493951238
607	587	0	0.5083752093802345
p = 21397
21366	3561	6
10666	10700	0	0.49920434334924646
1783	1778	0	0.500702049985959
p = 21401
21534	7178	3
10884	10650	2	0.5054332683198662
3574	3604	0	0.49791028141543603
p = 21407
21468	1789	12
10664	10804	2	0.4967393329606857
863	926	0	0.4823923979877026
p = 21419
21312	592	36
10775	10537	2	0.5055837087087087
292	300	0	0.49324324324324326
p = 21433
21474	3579	6
10725	10749	0	0.49944118468846044
1749	1830	0	0.4886839899413244
p = 21467
21621	7207	3
10745	10876	2	0.4969705379029647
3653	3554	0	0.5068683224642708
p = 21481
21636	2404	9
10801	10835	2	0.49921427250878164
1165	1239	0	0.4846089850249584
p = 21487
21771	7257	3
10787	10984	0	0.4954756327224289
3535	3722	0	0.48711588810803363
p = 21491
21438	1191	18
10696	10742	2	0.4989271387256274
543	648	0	0.45591939546599497
p = 21493
21564	3594	6
10721	10843	0	0.497171211278056
1735	1859	0	0.4827490261547023
p = 21499
21573	2397	9
10799	10774	0	0.5005794279886896
1245	1152	0	0.5193992490613266
p = 21503
21525	205	105
10759	10766	2	0.4998373983739837
115	90	0	0.5609756097560976
p = 21517
21690	3615	6
10959	10731	2	0.5052558782849239
1883	1732	0	0.5208852005532504
p = 21521
21537	7179	3
10855	10682	0	0.5040163439661977
3673	3506	0	0.5116311463992199
p = 21523
21474	3579	6
10692	10782	0	0.4979044425817267
1835	1744	0	0.5127130483375244
p = 21529
21591	7197	3
10845	10746	0	0.5022926219258024
3593	3604	0	0.49923579269139917
p = 21557
21834	7278	3
11034	10800	0	0.505358615004122
3702	3576	0	0.5086562242374278
p = 21559
21744	453	48
10908	10836	2	0.5016556291390728
195	258	0	0.4304635761589404
p = 21563
21603	7201	3
10867	10736	0	0.5030319862981993
3571	3630	0	0.4959033467573948
p = 21569
21366	7122	3
10776	10590	2	0.5043527099129458
3588	3534	2	0.5037910699241785
p = 21577
21798	2422	9
10814	10984	2	0.4961005596843747
1228	1194	0	0.5070189925681255
p = 21587
21747	7249	3
10947	10800	2	0.5033797765208994
3629	3620	0	0.5006207752793489
p = 21589
21555	1437	15
10757	10798	0	0.4990489445604268
743	694	0	0.5170494084899095
p = 21599
21324	3554	6
10773	10551	0	0.5052054023635341
1765	1789	0	0.4966235227912212
p = 21601
21600	1200	18
10822	10778	0	0.5010185185185185
602	598	0	0.5016666666666667
p = 21611
21630	515	42
10822	10808	2	0.5003236245954693
253	262	0	0.4912621359223301
p = 21613
21465	45	477
10649	10816	0	0.4961099464244118
15	30	0	0.3333333333333333
p = 21617
21672	2408	9
10774	10898	0	0.4971391657438169
1230	1178	0	0.510797342192691
p = 21647
21429	7143	3
10861	10568	2	0.506836529936068
3711	3432	0	0.5195296094078119
p = 21649
21708	1809	12
10812	10896	2	0.498065229408513
889	920	2	0.49143173023770037
p = 21661
21816	2424	9
10827	10989	0	0.4962871287128713
1173	1251	0	0.4839108910891089
p = 21673
21681	2409	9
10825	10856	0	0.49928508832618423
1259	1150	0	0.522623495226235
p = 21683
21834	3639	6
10928	10906	2	0.500503801410644
1843	1796	0	0.5064578180818906
p = 21701
21876	7292	3
10995	10881	0	0.5026055951727921
3587	3705	0	0.4919089413055403
p = 21713
21540	3590	6
10822	10718	2	0.502414113277623
1749	1841	0	0.4871866295264624
p = 21727
21816	303	72
10977	10839	2	0.5031628162816282
173	130	0	0.570957095709571
p = 21737
21720	7240	3
10770	10950	2	0.4958563535911602
3594	3646	2	0.4964088397790055
p = 21739
21609	7203	3
10901	10708	2	0.5044657318709797
3633	3570	2	0.5043731778425656
p = 21751
21600	40	540
10843	10757	2	0.5019907407407408
18	22	0	0.45
p = 21757
21708	402	54
10838	10870	2	0.4992629445365764
202	200	0	0.5024875621890548
p = 21767
21804	1817	12
10994	10810	0	0.5042194092827004
917	900	0	0.5046780407264722
p = 21773
21564	3594	6
10886	10678	2	0.5048228529029865
1886	1708	2	0.5247634947134112
p = 21787
21762	2418	9
10903	10859	2	0.5010109364948074
1163	1255	2	0.48097601323407774
p = 21799
21879	2431	9
11011	10868	0	0.5032679738562091
1211	1220	0	0.4981489099136158
p = 21803
21861	7287	3
10793	11068	0	0.49371026028086545
3643	3644	0	0.49993138465760945
p = 21817
21600	800	27
10758	10842	0	0.49805555555555553
426	374	0	0.5325
p = 21821
22068	1839	12
10908	11160	0	0.49429037520391517
931	908	0	0.5062533985861881
p = 21839
21864	3644	6
10942	10922	0	0.5004573728503476
1817	1827	0	0.4986278814489572
p = 21841
21816	404	54
10838	10978	2	0.4967913458012468
192	212	0	0.4752475247524752
p = 21851
21918	3653	6
11095	10823	2	0.506204945706725
1811	1842	0	0.4957569121270189
p = 21859
21672	3612	6
10730	10942	2	0.49510889627168697
1766	1846	0	0.48892580287929127
p = 21863
21954	3659	6
11004	10950	0	0.5012298442197322
1795	1864	0	0.4905711943153867
p = 21871
21762	2418	9
10885	10877	2	0.5001838066354195
1221	1197	0	0.5049627791563276
p = 21881
21777	7259	3
10837	10940	2	0.49763511962161916
3577	3682	0	0.4927675988428158
p = 21893
21714	3619	6
10925	10789	2	0.5031316201528967
1775	1844	0	0.490466979828682
p = 21911
22008	7336	3
11002	11006	0	0.4999091239549255
3584	3752	0	0.48854961832061067
p = 21929
22005	7335	3
11085	10920	0	0.5037491479209271
3677	3658	0	0.5012951601908657
p = 21937
22122	3687	6
11002	11120	0	0.4973329717023777
1855	1832	0	0.5031190669921345
p = 21943
22104	1228	18
11047	11057	2	0.49977379659790083
633	595	0	0.5154723127035831
p = 21961
21735	805	27
10783	10952	2	0.49611226132965264
407	398	0	0.5055900621118012
p = 21977
22260	7420	3
11209	11051	0	0.503548966756514
3717	3703	0	0.5009433962264151
p = 21991
21816	202	108
10840	10976	0	0.49688302163549686
103	99	0	0.5099009900990099
p = 21997
22086	1227	18
11019	11067	0	0.4989133387666395
629	598	0	0.5126324368378158
p = 22003
22023	7341	3
11007	11016	2	0.4997956681651001
3591	3750	2	0.4891704127503065
p = 22013
21975	25	879
10861	11114	2	0.4942434584755404
17	8	0	0.68
p = 22027
21762	2418	9
10766	10996	0	0.49471555923168825
1190	1228	0	0.4921422663358147
p = 22031
22146	7382	3
11125	11021	0	0.5023480538246184
3705	3677	0	0.5018965050121919
p = 22037
21828	7276	3
11022	10806	0	0.5049477735019241
3660	3616	0	0.503023639362287
p = 22039
21816	2424	9
11004	10812	2	0.5044004400440044
1236	1188	0	0.5099009900990099
p = 22051
22131	2459	9
11047	11084	0	0.49916406850119743
1265	1194	0	0.5144367629117528
p = 22063
22230	7410	3
11149	11081	2	0.5015294646873594
3773	3637	2	0.5091767881241566
p = 22067
22269	571	39
11125	11144	0	0.49957339799721584
323	248	0	0.5656742556917689
p = 22073
21978	7326	3
10957	11021	2	0.49854399854399856
3675	3651	2	0.5016380016380017
p = 22079
22182	7394	3
11212	10970	0	0.5054548733207105
3810	3584	0	0.5152826616175277
p = 22091
21999	7333	3
11011	10988	2	0.5005227510341379
3655	3678	0	0.49843174689758624
p = 22093
22032	918	24
10927	11105	0	0.49596042120551925
459	459	0	0.5
p = 22109
22245	1483	15
11233	11012	2	0.5049674084063834
723	760	0	0.4875252865812542
p = 22111
22230	247	90
11161	11069	2	0.5020692757534863
127	120	0	0.5141700404858299
p = 22123
22176	7392	3
10960	11216	0	0.49422799422799424
3718	3674	0	0.5029761904761905
p = 22129
22068	3678	6
11005	11063	0	0.49868588000725034
1850	1828	0	0.5029907558455683
p = 22133
21975	7325	3
10905	11070	0	0.4962457337883959
3729	3596	0	0.5090784982935154
p = 22147
22122	7374	3
11165	10957	0	0.5047012024229274
3713	3661	0	0.5035259018171956
p = 22153
22428	7476	3
11110	11318	2	0.4953629391831639
3694	3782	2	0.4941144997324773
p = 22157
22056	3676	6
10953	11103	2	0.4965995647442873
1829	1847	0	0.49755168661588683
p = 22159
21996	1222	18
10881	11115	2	0.4946808510638298
599	623	2	0.49018003273322425
p = 22171
22176	462	48
11145	11031	2	0.5025703463203464
260	202	0	0.5627705627705628
p = 22189
21978	7326	3
10971	11007	2	0.4991809991809992
3679	3647	0	0.5021840021840022
p = 22193
22044	3674	6
11101	10943	0	0.5035837416076937
1899	1775	0	0.5168753402286337
p = 22229
22314	3719	6
11112	11202	0	0.4979833288518419
1885	1834	0	0.5068566819037376
p = 22247
22392	2488	9
11199	11193	0	0.50013397642015
1281	1207	0	0.514871382636656
p = 22259
21984	3664	6
11044	10940	0	0.5023653566229985
1837	1827	0	0.5013646288209607
p = 22271
22200	7400	3
10963	11237	0	0.49382882882882884
3719	3681	0	0.5025675675675676
p = 22273
22446	7482	3
11179	11267	0	0.4980397398200125
3729	3753	0	0.49839615076182836
p = 22277
22176	3696	6
11050	11126	2	0.4982864357864358
1832	1864	2	0.49567099567099565
p = 22279
22356	828	27
11303	11053	0	0.5055913401324029
463	365	0	0.5591787439613527
p = 22283
22434	7478	3
11185	11249	2	0.49857359365249176
3733	3745	0	0.49919764642952663
p = 22291
22464	288	78
11267	11197	0	0.5015580484330484
155	133	0	0.5381944444444444
p = 22303
22095	2455	9
11063	11032	2	0.5007015161801313
1259	1196	0	0.5128309572301426
p = 22307
22248	3708	6
11047	11201	2	0.49653901474289824
1814	1894	0	0.4892125134843581
p = 22343
22125	7375	3
11159	10966	2	0.504361581920904
3683	3692	0	0.4993898305084746
p = 22349
22485	7495	3
11153	11332	2	0.49601956860128976
3725	3770	0	0.4969979986657772
p = 22367
22224	7408	3
11001	11223	0	0.4950053995680346
3607	3801	0	0.4869060475161987
p = 22369
22608	3768	6
11252	11356	2	0.49769992922859163
1900	1868	0	0.5042462845010616
p = 22381
22419	7473	3
11135	11284	2	0.4966769258218475
3759	3714	0	0.5030108390204737
p = 22391
22317	7439	3
11027	11290	0	0.49410763095398125
3669	3770	0	0.4932114531523054
p = 22397
22560	1504	15
11194	11366	0	0.49618794326241134
756	748	0	0.5026595744680851
p = 22409
22200	7400	3
11132	11068	0	0.5014414414414414
3634	3766	0	0.49108108108108106
p = 22433
22284	3714	6
11109	11175	0	0.4985191168551427
1891	1823	0	0.5091545503500269
p = 22441
22338	219	102
11153	11185	2	0.4992837317575432
111	108	0	0.5068493150684932
p = 22447
22698	7566	3
11315	11383	2	0.4985020706670191
3829	3737	0	0.5060798308220988
p = 22453
22599	7533	3
11297	11302	0	0.4998893756360901
3761	3772	0	0.4992698791981946
p = 22469
22296	1858	12
11055	11241	0	0.49582884822389667
957	901	0	0.515069967707212
p = 22481
22440	7480	3
11239	11201	0	0.5008467023172906
3751	3729	0	0.5014705882352941
p = 22483
22500	1250	18
11293	11207	2	0.5019111111111111
647	603	0	0.5176
p = 22501
22428	1869	12
11093	11335	0	0.4946049580881042
925	944	0	0.49491706795077584
p = 22511
22569	7523	3
11343	11226	0	0.5025920510434667
3687	3836	0	0.49009703575701186
p = 22531
22680	2520	9
11359	11321	2	0.5008377425044092
1239	1281	2	0.49166666666666664
p = 22541
22368	7456	3
11114	11254	2	0.4968705293276109
3756	3700	0	0.503755364806867
p = 22543
22518	7506	3
11307	11211	0	0.5021316280309086
3737	3769	0	0.4978683719690914
p = 22549
22491	7497	3
11385	11106	2	0.506202480992397
3869	3628	0	0.5160730959050287
p = 22567
22626	838	27
11314	11312	2	0.5000441969415717
414	424	0	0.49403341288782815
p = 22571
22701	7567	3
11227	11474	2	0.494559711025946
3659	3908	0	0.4835469803092375
p = 22573
22482	3747	6
11330	11152	0	0.5039587225335824
1901	1846	0	0.507339204697091
p = 22613
22632	1886	12
11313	11319	0	0.49986744432661717
920	966	0	0.4878048780487805
p = 22619
22440	440	51
11335	11105	0	0.5051247771836007
229	211	0	0.5204545454545455
p = 22621
22716	3786	6
11488	11228	2	0.5057228385279099
1982	1804	0	0.5235076597992604
p = 22637
22848	952	24
11422	11426	2	0.4999124649859944
451	501	0	0.4737394957983193
p = 22639
22572	418	54
11307	11265	2	0.5009303561935141
185	233	0	0.44258373205741625
p = 22643
22461	7487	3
11277	11184	0	0.5020702551088554
3669	3818	0	0.49004941899292104
p = 22651
22410	3735	6
11093	11317	0	0.49500223114680947
1831	1904	0	0.4902275769745649
p = 22669
22770	3795	6
11314	11456	0	0.4968818620992534
1845	1950	0	0.48616600790513836
p = 22679
22536	1252	18
11333	11203	2	0.5028842740504083
605	647	2	0.48322683706070285
p = 22691
22842	7614	3
11457	11385	0	0.5015760441292356
3879	3735	0	0.5094562647754137
p = 22697
22548	3758	6
11246	11302	2	0.4987582047188221
1948	1810	2	0.5183608302288452
p = 22699
22572	2508	9
11225	11347	0	0.49729753677122096
1235	1273	0	0.49242424242424243
p = 22709
22578	3763	6
11175	11403	2	0.49495083709806004
1779	1984	0	0.47276109487111345
p = 22717
22671	2519	9
11305	11366	2	0.4986546689603458
1281	1238	0	0.5085351329892814
p = 22721
22503	7501	3
11329	11174	0	0.5034439852464115
3727	3774	0	0.49686708438874816
p = 22727
22728	3788	6
11479	11249	2	0.5050598380851813
1900	1888	0	0.5015839493136219
p = 22739
22785	1519	15
11299	11486	2	0.4958964230853632
739	780	0	0.48650427913100724
p = 22741
22950	2550	9
11485	11465	2	0.5004357298474945
1329	1221	0	0.5211764705882352
p = 22751
22554	2506	9
11425	11129	2	0.5065620289083976
1237	1269	0	0.49361532322426177
p = 22769
22884	3814	6
11498	11386	2	0.5024471246285614
1895	1919	0	0.4968536969061353
p = 22777
22716	3786	6
11245	11471	0	0.49502553266420146
1841	1945	0	0.4862651875330164
p = 22783
22950	1530	15
11537	11413	0	0.5027015250544662
773	757	0	0.5052287581699346
