x^2 on 189.b1
#E(F_p)	#E(Q)	index
totalsplit	totalinert	totalramified	totalsplitpercentage
split	inert	ramified	splitpercentage
p = 2
3	1	3
3	0	0	1.0
1	0	0	1.0
p = 5
9	3	3
5	4	2	0.5555555555555556
1	2	0	0.3333333333333333
p = 11
18	6	3
12	6	2	0.6666666666666666
6	0	2	1.0
p = 13
18	6	3
11	7	2	0.6111111111111112
5	1	2	0.8333333333333334
p = 17
21	7	3
9	12	2	0.42857142857142855
1	6	0	0.14285714285714285
p = 19
18	6	3
14	4	2	0.7777777777777778
4	2	0	0.6666666666666666
p = 23
18	3	6
11	7	0	0.6111111111111112
3	0	0	1.0
p = 29
24	8	3
11	13	0	0.4583333333333333
5	3	0	0.625
p = 31
36	12	3
16	20	0	0.4444444444444444
2	10	0	0.16666666666666666
p = 37
45	15	3
27	18	0	0.6
5	10	0	0.3333333333333333
p = 41
39	13	3
21	18	2	0.5384615384615384
9	4	0	0.6923076923076923
p = 43
45	15	3
23	22	2	0.5111111111111111
9	6	0	0.6
p = 47
57	19	3
27	30	0	0.47368421052631576
7	12	0	0.3684210526315789
p = 53
48	8	6
26	22	2	0.5416666666666666
6	2	0	0.75
p = 59
69	23	3
33	36	0	0.4782608695652174
11	12	0	0.4782608695652174
p = 61
72	24	3
36	36	2	0.5
16	8	2	0.6666666666666666
p = 67
72	12	6
38	34	0	0.5277777777777778
4	8	0	0.3333333333333333
p = 71
72	4	18
37	35	2	0.5138888888888888
1	3	0	0.25
p = 73
72	4	18
43	29	2	0.5972222222222222
3	1	0	0.75
p = 79
81	9	9
47	34	0	0.5802469135802469
3	6	0	0.3333333333333333
p = 83
87	29	3
39	48	2	0.4482758620689655
15	14	0	0.5172413793103449
p = 89
96	8	12
47	49	0	0.4895833333333333
6	2	0	0.75
p = 97
108	36	3
53	55	2	0.49074074074074076
15	21	0	0.4166666666666667
p = 101
108	18	6
62	46	2	0.5740740740740741
9	9	0	0.5
p = 103
90	15	6
39	51	0	0.43333333333333335
9	6	0	0.6
p = 107
114	19	6
62	52	2	0.543859649122807
11	8	0	0.5789473684210527
p = 109
99	33	3
51	48	2	0.5151515151515151
19	14	0	0.5757575757575758
p = 113
102	34	3
51	51	2	0.5
17	17	2	0.5
p = 127
135	15	9
71	64	0	0.5259259259259259
7	8	0	0.4666666666666667
p = 131
144	6	24
80	64	0	0.5555555555555556
3	3	0	0.5
p = 137
126	42	3
61	65	2	0.48412698412698413
19	23	2	0.4523809523809524
p = 139
162	54	3
77	85	2	0.47530864197530864
21	33	0	0.3888888888888889
p = 149
144	48	3
84	60	0	0.5833333333333334
34	14	0	0.7083333333333334
p = 151
171	57	3
85	86	2	0.49707602339181284
21	36	0	0.3684210526315789
p = 157
144	48	3
77	67	2	0.5347222222222222
21	27	0	0.4375
p = 163
171	57	3
91	80	0	0.5321637426900585
31	26	0	0.543859649122807
p = 167
165	55	3
91	74	2	0.5515151515151515
31	24	0	0.5636363636363636
p = 173
156	13	12
75	81	0	0.4807692307692308
3	10	0	0.23076923076923078
p = 179
192	64	3
96	96	2	0.5
28	36	0	0.4375
p = 181
162	9	18
81	81	2	0.5
9	0	0	1.0
p = 191
210	35	6
115	95	2	0.5476190476190477
21	14	0	0.6
p = 193
207	69	3
105	102	2	0.5072463768115942
31	38	0	0.4492753623188406
p = 197
180	20	9
97	83	2	0.5388888888888889
9	11	0	0.45
p = 199
180	30	6
101	79	2	0.5611111111111111
19	11	0	0.6333333333333333
p = 211
216	9	24
118	98	0	0.5462962962962963
3	6	0	0.3333333333333333
p = 223
216	8	27
115	101	0	0.5324074074074074
5	3	0	0.625
p = 227
216	36	6
102	114	0	0.4722222222222222
20	16	0	0.5555555555555556
p = 229
234	39	6
117	117	2	0.5
25	14	0	0.6410256410256411
p = 233
258	86	3
121	137	0	0.4689922480620155
47	39	0	0.5465116279069767
p = 239
228	76	3
122	106	0	0.5350877192982456
48	28	0	0.631578947368421
p = 241
234	78	3
120	114	2	0.5128205128205128
38	40	0	0.48717948717948717
p = 251
279	31	9
139	140	2	0.4982078853046595
19	12	0	0.6129032258064516
p = 257
252	42	6
113	139	0	0.44841269841269843
17	25	0	0.40476190476190477
p = 263
252	84	3
128	124	0	0.5079365079365079
40	44	0	0.47619047619047616
p = 269
273	91	3
147	126	0	0.5384615384615384
43	48	0	0.4725274725274725
p = 271
270	15	18
136	134	2	0.5037037037037037
13	2	0	0.8666666666666667
p = 277
261	87	3
131	130	2	0.5019157088122606
53	34	2	0.6091954022988506
p = 281
312	26	12
155	157	0	0.4967948717948718
15	11	0	0.5769230769230769
p = 283
270	30	9
134	136	2	0.4962962962962963
10	20	0	0.3333333333333333
p = 293
327	109	3
169	158	0	0.5168195718654435
61	48	0	0.5596330275229358
p = 307
306	17	18
162	144	0	0.5294117647058824
9	8	0	0.5294117647058824
p = 311
321	107	3
159	162	2	0.4953271028037383
59	48	2	0.5514018691588785
p = 313
306	51	6
164	142	2	0.5359477124183006
37	14	0	0.7254901960784313
p = 317
336	56	6
164	172	0	0.4880952380952381
30	26	0	0.5357142857142857
p = 331
333	111	3
153	180	2	0.4594594594594595
53	58	2	0.4774774774774775
p = 337
351	39	9
189	162	0	0.5384615384615384
19	20	0	0.48717948717948717
p = 347
348	116	3
181	167	0	0.5201149425287356
51	65	0	0.4396551724137931
p = 349
342	57	6
158	184	0	0.4619883040935672
35	22	0	0.6140350877192983
p = 353
333	111	3
173	160	2	0.5195195195195195
59	52	0	0.5315315315315315
p = 359
366	61	6
183	183	0	0.5
33	28	0	0.5409836065573771
p = 367
378	21	18
197	181	2	0.5211640211640212
9	12	0	0.42857142857142855
p = 373
351	117	3
173	178	2	0.4928774928774929
63	54	0	0.5384615384615384
p = 379
351	39	9
181	170	0	0.5156695156695157
23	16	0	0.5897435897435898
p = 383
369	123	3
199	170	2	0.5392953929539296
59	64	0	0.4796747967479675
p = 389
396	132	3
194	202	0	0.4898989898989899
66	66	0	0.5
p = 397
396	33	12
194	202	0	0.4898989898989899
15	18	0	0.45454545454545453
p = 401
414	69	6
202	212	2	0.48792270531400966
39	30	2	0.5652173913043478
p = 409
414	69	6
218	196	2	0.5265700483091788
33	36	0	0.4782608695652174
p = 419
399	133	3
189	210	0	0.47368421052631576
69	64	0	0.518796992481203
p = 421
432	8	54
235	197	0	0.5439814814814815
1	7	0	0.125
p = 431
444	37	12
239	205	0	0.5382882882882883
23	14	0	0.6216216216216216
p = 433
450	50	9
236	214	0	0.5244444444444445
30	20	0	0.6
p = 439
468	13	36
228	240	0	0.48717948717948717
9	4	0	0.6923076923076923
p = 443
462	154	3
229	233	2	0.49567099567099565
79	75	0	0.512987012987013
p = 449
450	50	9
222	228	0	0.49333333333333335
26	24	0	0.52
p = 457
432	24	18
213	219	0	0.4930555555555556
14	10	0	0.5833333333333334
p = 461
447	149	3
217	230	2	0.4854586129753915
65	84	0	0.436241610738255
p = 463
459	17	27
229	230	2	0.4989106753812636
3	14	0	0.17647058823529413
p = 467
492	82	6
260	232	0	0.5284552845528455
39	43	0	0.47560975609756095
p = 479
459	153	3
217	242	0	0.47276688453159044
83	70	0	0.5424836601307189
p = 487
504	84	6
249	255	2	0.49404761904761907
47	37	0	0.5595238095238095
p = 491
516	172	3
257	259	0	0.49806201550387597
93	79	0	0.5406976744186046
p = 499
495	33	15
245	250	2	0.494949494949495
11	22	0	0.3333333333333333
p = 503
477	53	9
227	250	2	0.4758909853249476
27	26	0	0.5094339622641509
p = 509
549	183	3
277	272	2	0.5045537340619308
105	78	0	0.5737704918032787
p = 521
561	187	3
273	288	0	0.48663101604278075
101	86	0	0.5401069518716578
p = 523
540	20	27
269	271	2	0.4981481481481482
9	11	0	0.45
p = 541
585	195	3
299	286	2	0.5111111111111111
109	86	0	0.558974358974359
p = 547
549	183	3
283	266	2	0.5154826958105647
103	80	0	0.5628415300546448
p = 557
570	95	6
277	293	0	0.48596491228070177
43	52	0	0.45263157894736844
p = 563
564	94	6
278	286	0	0.4929078014184397
48	46	0	0.5106382978723404
p = 569
552	23	24
291	261	0	0.5271739130434783
9	14	0	0.391304347826087
p = 571
549	183	3
285	264	0	0.5191256830601093
89	94	0	0.48633879781420764
p = 577
594	11	54
283	311	0	0.4764309764309764
5	6	0	0.45454545454545453
p = 587
600	20	30
306	294	0	0.51
9	11	0	0.45
p = 593
609	203	3
295	314	2	0.48440065681444994
105	98	0	0.5172413793103449
p = 599
618	206	3
295	323	2	0.4773462783171521
97	109	0	0.470873786407767
p = 601
594	198	3
290	304	0	0.4882154882154882
96	102	0	0.48484848484848486
p = 607
648	216	3
310	338	0	0.4783950617283951
106	110	0	0.49074074074074076
p = 613
648	36	18
330	318	2	0.5092592592592593
15	21	0	0.4166666666666667
p = 617
588	49	12
283	305	0	0.4812925170068027
27	22	0	0.5510204081632653
p = 619
630	210	3
320	310	0	0.5079365079365079
104	106	0	0.49523809523809526
p = 631
639	71	9
335	304	2	0.5242566510172144
35	36	0	0.49295774647887325
p = 641
612	12	51
316	296	2	0.5163398692810458
8	4	0	0.6666666666666666
p = 643
630	21	30
305	325	2	0.48412698412698413
9	12	2	0.42857142857142855
p = 647
624	104	6
321	303	2	0.5144230769230769
57	47	0	0.5480769230769231
p = 653
630	210	3
311	319	0	0.4936507936507937
99	111	0	0.4714285714285714
p = 659
636	53	12
322	314	2	0.5062893081761006
19	34	0	0.3584905660377358
p = 661
630	14	45
315	315	0	0.5
9	5	0	0.6428571428571429
p = 673
648	18	36
317	331	0	0.48919753086419754
11	7	0	0.6111111111111112
p = 677
660	110	6
310	350	2	0.4696969696969697
67	43	0	0.6090909090909091
p = 683
696	8	87
363	333	0	0.521551724137931
3	5	0	0.375
p = 691
648	24	27
334	314	0	0.5154320987654321
8	16	0	0.3333333333333333
p = 701
738	82	9
348	390	0	0.4715447154471545
42	40	0	0.5121951219512195
p = 709
711	237	3
347	364	0	0.4880450070323488
121	116	0	0.510548523206751
p = 719
753	251	3
393	360	2	0.5219123505976095
137	114	0	0.545816733067729
p = 727
738	246	3
396	342	2	0.5365853658536586
116	130	0	0.4715447154471545
p = 733
702	39	18
348	354	0	0.49572649572649574
23	16	0	0.5897435897435898
p = 739
720	30	24
342	378	0	0.475
11	19	0	0.36666666666666664
p = 743
750	250	3
383	367	2	0.5106666666666667
121	129	0	0.484
p = 751
756	126	6
369	387	2	0.4880952380952381
69	57	0	0.5476190476190477
p = 757
711	79	9
363	348	2	0.510548523206751
49	30	0	0.620253164556962
p = 761
711	237	3
373	338	2	0.5246132208157525
139	98	2	0.5864978902953587
p = 769
810	45	18
406	404	0	0.5012345679012346
31	14	0	0.6888888888888889
p = 773
795	265	3
395	400	0	0.4968553459119497
147	118	0	0.5547169811320755
p = 787
774	129	6
368	406	2	0.4754521963824289
63	66	0	0.4883720930232558
p = 797
804	134	6
420	384	2	0.5223880597014925
64	70	0	0.47761194029850745
p = 809
804	67	12
404	400	2	0.5024875621890548
33	34	2	0.4925373134328358
p = 811
864	32	27
428	436	2	0.49537037037037035
16	16	0	0.5
p = 821
786	131	6
382	404	2	0.4860050890585242
75	56	0	0.5725190839694656
p = 823
819	273	3
385	434	0	0.4700854700854701
117	156	0	0.42857142857142855
p = 827
792	88	9
420	372	2	0.5303030303030303
50	38	0	0.5681818181818182
p = 829
828	276	3
398	430	0	0.4806763285024155
142	134	0	0.5144927536231884
p = 839
861	287	3
423	438	2	0.4912891986062718
129	158	0	0.44947735191637633
p = 853
810	45	18
430	380	0	0.5308641975308642
31	14	0	0.6888888888888889
p = 857
855	285	3
451	404	2	0.5274853801169591
153	132	2	0.5368421052631579
p = 859
882	147	6
434	448	2	0.49206349206349204
71	76	0	0.48299319727891155
p = 863
870	145	6
432	438	0	0.496551724137931
79	66	0	0.5448275862068965
p = 877
909	303	3
437	472	2	0.4807480748074808
143	160	0	0.47194719471947194
p = 881
864	48	18
453	411	0	0.5243055555555556
34	14	0	0.7083333333333334
p = 883
891	99	9
431	460	0	0.4837261503928171
55	44	0	0.5555555555555556
p = 887
909	303	3
467	442	2	0.5137513751375138
171	132	0	0.5643564356435643
p = 907
963	321	3
485	478	2	0.5036344755970924
179	142	0	0.557632398753894
p = 911
942	314	3
449	493	2	0.47664543524416136
155	159	0	0.49363057324840764
p = 919
891	99	9
425	466	2	0.4769921436588103
49	50	0	0.494949494949495
p = 929
903	43	21
439	464	2	0.48615725359911405
27	16	0	0.627906976744186
p = 937
972	108	9
483	489	0	0.49691358024691357
61	47	0	0.5648148148148148
p = 941
969	323	3
481	488	2	0.49638802889576883
169	154	0	0.5232198142414861
p = 947
984	164	6
469	515	0	0.4766260162601626
67	97	0	0.40853658536585363
p = 953
1008	56	18
511	497	0	0.5069444444444444
27	29	0	0.48214285714285715
p = 967
1008	42	24
500	508	0	0.49603174603174605
20	22	0	0.47619047619047616
p = 971
951	317	3
475	476	2	0.49947423764458465
159	158	2	0.501577287066246
p = 977
942	157	6
472	470	2	0.5010615711252654
77	80	0	0.49044585987261147
p = 983
981	327	3
495	486	2	0.5045871559633027
181	146	0	0.5535168195718655
p = 991
945	105	9
459	486	2	0.4857142857142857
45	60	0	0.42857142857142855
p = 997
1008	336	3
501	507	2	0.49702380952380953
159	177	2	0.4732142857142857
p = 1009
981	109	9
477	504	2	0.48623853211009177
67	42	0	0.6146788990825688
p = 1013
1071	51	21
551	520	0	0.5144724556489262
37	14	0	0.7254901960784313
p = 1019
1080	180	6
544	536	2	0.5037037037037037
84	96	0	0.4666666666666667
p = 1021
972	108	9
481	491	0	0.4948559670781893
55	53	0	0.5092592592592593
p = 1031
1008	336	3
481	527	2	0.4771825396825397
153	183	2	0.45535714285714285
p = 1033
999	333	3
513	486	2	0.5135135135135135
163	170	0	0.4894894894894895
p = 1039
1026	38	27
505	521	0	0.4922027290448343
17	21	0	0.4473684210526316
p = 1049
1065	355	3
525	540	0	0.49295774647887325
187	168	0	0.5267605633802817
p = 1051
1080	90	12
518	562	0	0.47962962962962963
42	48	0	0.4666666666666667
p = 1061
1038	173	6
498	540	0	0.4797687861271676
81	92	0	0.4682080924855491
p = 1063
1080	60	18
560	520	2	0.5185185185185185
18	42	0	0.3
p = 1069
1080	30	36
547	533	0	0.5064814814814815
19	11	0	0.6333333333333333
p = 1087
1089	363	3
565	524	0	0.5188246097337006
171	192	0	0.47107438016528924
p = 1091
1059	353	3
527	532	2	0.4976392823418319
157	196	0	0.4447592067988669
p = 1093
1116	186	6
561	555	0	0.5026881720430108
92	94	0	0.4946236559139785
p = 1097
1041	347	3
517	524	0	0.4966378482228626
163	184	0	0.4697406340057637
p = 1103
1122	374	3
560	562	2	0.49910873440285203
198	176	2	0.5294117647058824
p = 1109
1107	369	3
553	554	0	0.4995483288166215
193	176	0	0.5230352303523035
p = 1117
1080	60	18
515	565	0	0.47685185185185186
36	24	0	0.6
p = 1123
1188	396	3
591	597	2	0.49747474747474746
197	199	0	0.49747474747474746
p = 1129
1152	48	24
599	553	0	0.5199652777777778
31	17	0	0.6458333333333334
p = 1151
1155	77	15
565	590	2	0.48917748917748916
45	32	0	0.5844155844155844
p = 1153
1098	366	3
550	548	2	0.5009107468123861
170	196	2	0.4644808743169399
p = 1163
1176	28	42
603	573	0	0.5127551020408163
15	13	0	0.5357142857142857
p = 1171
1143	381	3
565	578	2	0.49431321084864394
185	196	0	0.48556430446194226
p = 1181
1155	385	3
601	554	0	0.5203463203463203
205	180	0	0.5324675324675324
p = 1187
1128	47	24
591	537	0	0.523936170212766
27	20	0	0.574468085106383
p = 1193
1257	419	3
619	638	2	0.492442322991249
221	198	2	0.5274463007159904
p = 1201
1224	12	102
624	600	2	0.5098039215686274
10	2	0	0.8333333333333334
p = 1213
1251	417	3
637	614	0	0.5091926458832934
215	202	0	0.5155875299760192
p = 1217
1212	101	12
584	628	2	0.48184818481848185
65	36	0	0.6435643564356436
p = 1223
1167	389	3
567	600	0	0.48586118251928023
191	198	0	0.4910025706940874
p = 1229
1194	199	6
616	578	2	0.5159128978224455
89	110	2	0.4472361809045226
p = 1231
1260	210	6
617	643	0	0.48968253968253966
91	119	0	0.43333333333333335
p = 1237
1188	66	18
613	575	0	0.515993265993266
37	29	0	0.5606060606060606
p = 1249
1224	51	24
613	611	2	0.5008169934640523
19	32	0	0.37254901960784315
p = 1259
1305	145	9
675	630	2	0.5172413793103449
65	80	0	0.4482758620689655
p = 1277
1263	421	3
629	634	2	0.49802058590657167
207	214	0	0.4916864608076009
p = 1279
1314	438	3
662	652	2	0.5038051750380518
204	234	0	0.4657534246575342
p = 1283
1296	216	6
625	671	2	0.48225308641975306
89	127	2	0.41203703703703703
p = 1289
1320	110	12
640	680	0	0.48484848484848486
54	56	0	0.4909090909090909
p = 1291
1296	144	9
620	676	2	0.4783950617283951
60	84	0	0.4166666666666667
p = 1297
1341	447	3
659	682	2	0.49142431021625654
203	244	0	0.4541387024608501
p = 1301
1272	106	12
622	650	2	0.4889937106918239
51	55	0	0.4811320754716981
p = 1303
1305	87	15
653	652	0	0.5003831417624521
39	48	0	0.4482758620689655
p = 1307
1371	457	3
685	686	2	0.49963530269876005
235	222	0	0.5142231947483589
p = 1319
1311	437	3
649	662	2	0.4950419527078566
237	200	2	0.5423340961098398
p = 1321
1368	456	3
704	664	0	0.5146198830409356
220	236	0	0.4824561403508772
p = 1327
1305	435	3
639	666	0	0.4896551724137931
217	218	0	0.49885057471264366
p = 1361
1332	222	6
642	690	2	0.481981981981982
107	115	0	0.481981981981982
p = 1367
1428	476	3
719	709	0	0.5035014005602241
255	221	0	0.5357142857142857
p = 1373
1398	233	6
703	695	2	0.5028612303290415
107	126	0	0.4592274678111588
p = 1381
1395	93	15
691	704	2	0.4953405017921147
49	44	0	0.5268817204301075
p = 1399
1440	480	3
747	693	0	0.51875
233	247	0	0.48541666666666666
p = 1409
1458	486	3
755	703	2	0.5178326474622771
243	243	0	0.5
p = 1423
1449	483	3
743	706	0	0.5127674258109041
249	234	0	0.515527950310559
p = 1427
1443	481	3
729	714	0	0.5051975051975052
243	238	0	0.5051975051975052
p = 1429
1485	495	3
755	730	2	0.5084175084175084
243	252	0	0.4909090909090909
p = 1433
1443	481	3
727	716	2	0.5038115038115039
245	236	0	0.5093555093555093
p = 1439
1470	245	6
714	756	0	0.4857142857142857
113	132	0	0.46122448979591835
p = 1447
1386	231	6
683	703	2	0.49278499278499277
113	118	0	0.48917748917748916
p = 1451
1452	484	3
738	714	0	0.5082644628099173
230	254	0	0.47520661157024796
p = 1453
1440	30	48
695	745	0	0.4826388888888889
19	11	0	0.6333333333333333
p = 1459
1476	492	3
708	768	0	0.4796747967479675
246	246	0	0.5
p = 1471
1449	69	21
737	712	2	0.5086266390614217
45	24	0	0.6521739130434783
p = 1481
1518	253	6
738	780	0	0.48616600790513836
129	124	0	0.5098814229249012
p = 1483
1458	243	6
698	760	0	0.4787379972565158
121	122	0	0.49794238683127573
p = 1487
1512	126	12
752	760	0	0.4973544973544973
60	66	0	0.47619047619047616
p = 1489
1458	243	6
755	703	0	0.5178326474622771
137	106	0	0.5637860082304527
p = 1493
1428	28	51
750	678	0	0.5252100840336135
18	10	0	0.6428571428571429
p = 1499
1434	239	6
705	729	0	0.4916317991631799
141	98	0	0.5899581589958159
p = 1511
1449	7	207
739	710	2	0.5100069013112492
5	2	0	0.7142857142857143
p = 1523
1512	126	12
730	782	0	0.4828042328042328
48	78	0	0.38095238095238093
p = 1531
1584	44	36
761	823	2	0.48042929292929293
21	23	0	0.4772727272727273
p = 1543
1548	172	9
764	784	0	0.4935400516795866
88	84	0	0.5116279069767442
p = 1549
1620	18	90
783	837	0	0.48333333333333334
11	7	0	0.6111111111111112
p = 1553
1488	124	12
727	761	0	0.4885752688172043
88	36	0	0.7096774193548387
p = 1559
1533	511	3
769	764	0	0.5016307893020222
273	238	0	0.5342465753424658
p = 1567
1530	85	18
802	728	2	0.5241830065359477
47	38	0	0.5529411764705883
p = 1571
1635	545	3
805	830	2	0.4923547400611621
277	268	0	0.5082568807339449
p = 1579
1575	525	3
817	758	0	0.5187301587301587
285	240	0	0.5428571428571428
p = 1583
1530	5	306
732	798	0	0.47843137254901963
1	4	0	0.2
p = 1597
1629	543	3
827	802	0	0.5076734192756293
277	266	0	0.5101289134438306
p = 1601
1536	256	6
761	775	0	0.4954427083333333
148	108	0	0.578125
p = 1607
1662	277	6
792	870	0	0.47653429602888087
133	144	0	0.48014440433212996
p = 1609
1548	258	6
795	753	2	0.5135658914728682
147	111	0	0.5697674418604651
p = 1613
1647	549	3
799	848	2	0.4851244687310261
269	280	0	0.4899817850637523
p = 1619
1662	554	3
869	793	2	0.5228640192539109
301	253	2	0.5433212996389891
p = 1621
1647	183	9
847	800	2	0.5142683667273831
95	88	2	0.5191256830601093
p = 1627
1566	87	18
770	796	2	0.49169859514687103
43	44	0	0.4942528735632184
p = 1637
1584	44	36
825	759	0	0.5208333333333334
22	22	0	0.5
p = 1657
1692	141	12
829	863	2	0.48995271867612294
71	70	0	0.5035460992907801
p = 1663
1620	54	30
849	771	2	0.524074074074074
39	15	0	0.7222222222222222
p = 1667
1626	271	6
794	832	2	0.4883148831488315
121	150	0	0.44649446494464945
p = 1669
1746	291	6
884	862	2	0.5063001145475372
147	144	0	0.5051546391752577
p = 1693
1620	36	45
784	836	0	0.4839506172839506
18	18	0	0.5
p = 1697
1680	140	12
821	859	0	0.4886904761904762
76	64	0	0.5428571428571428
p = 1699
1656	276	6
831	825	2	0.5018115942028986
123	153	0	0.44565217391304346
p = 1709
1710	19	90
859	851	2	0.5023391812865498
9	10	0	0.47368421052631576
p = 1721
1752	73	24
865	887	0	0.4937214611872146
27	46	0	0.3698630136986301
p = 1723
1647	61	27
827	820	2	0.5021250758955677
31	30	0	0.5081967213114754
p = 1733
1680	5	336
821	859	0	0.4886904761904762
1	4	0	0.2
p = 1741
1782	594	3
882	900	0	0.494949494949495
298	296	0	0.5016835016835017
p = 1747
1764	294	6
872	892	0	0.4943310657596372
154	140	0	0.5238095238095238
p = 1753
1782	66	27
894	888	2	0.5016835016835017
36	30	0	0.5454545454545454
p = 1759
1737	579	3
841	896	2	0.48416810592976395
275	304	0	0.4749568221070812
p = 1777
1836	17	108
880	956	0	0.4793028322440087
13	4	0	0.7647058823529411
p = 1783
1782	198	9
920	862	2	0.5162738496071829
102	96	0	0.5151515151515151
p = 1787
1728	576	3
836	892	2	0.4837962962962963
270	306	2	0.46875
p = 1789
1755	195	9
853	902	0	0.486039886039886
91	104	0	0.4666666666666667
p = 1801
1791	597	3
915	876	0	0.5108877721943048
323	274	0	0.541038525963149
p = 1811
1767	589	3
885	882	0	0.5008488964346349
269	320	0	0.4567062818336163
p = 1823
1815	605	3
917	898	2	0.5052341597796143
325	280	2	0.5371900826446281
p = 1831
1845	615	3
885	960	2	0.4796747967479675
293	322	2	0.4764227642276423
p = 1847
1905	127	15
927	978	2	0.48661417322834644
69	58	0	0.5433070866141733
p = 1861
1926	321	6
965	961	0	0.5010384215991692
167	154	0	0.5202492211838006
p = 1867
1818	303	6
928	890	0	0.5104510451045104
155	148	0	0.5115511551155115
p = 1871
1860	5	372
940	920	2	0.5053763440860215
3	2	0	0.6
p = 1873
1845	615	3
953	892	2	0.5165311653116531
309	306	0	0.5024390243902439
p = 1877
1848	616	3
958	890	2	0.5183982683982684
318	298	0	0.5162337662337663
p = 1879
1926	321	6
945	981	0	0.49065420560747663
161	160	0	0.5015576323987538
p = 1889
1863	207	9
919	944	2	0.4932903918411165
109	98	0	0.5265700483091788
p = 1901
1908	159	12
933	975	0	0.4889937106918239
71	88	0	0.44654088050314467
p = 1907
1911	637	3
989	922	2	0.5175300889586604
349	288	0	0.5478806907378336
p = 1913
1908	636	3
937	971	2	0.4910901467505241
307	329	2	0.4827044025157233
p = 1931
1983	661	3
1023	960	0	0.5158850226928896
351	310	0	0.5310136157337367
p = 1933
1899	633	3
971	928	0	0.5113217482885729
325	308	0	0.5134281200631912
p = 1949
1995	665	3
975	1020	0	0.48872180451127817
305	360	0	0.45864661654135336
p = 1951
1890	7	270
978	912	2	0.5174603174603175
5	2	0	0.7142857142857143
p = 1973
1977	659	3
1019	958	0	0.5154274152756702
331	328	0	0.5022761760242792
p = 1979
1923	641	3
985	938	0	0.5122204888195527
335	306	0	0.5226209048361935
p = 1987
1962	654	3
1013	949	2	0.5163098878695209
329	325	2	0.5030581039755352
p = 1993
1998	222	9
1041	957	0	0.521021021021021
135	87	0	0.6081081081081081
p = 1997
1986	331	6
957	1029	0	0.4818731117824773
157	174	0	0.4743202416918429
p = 1999
2016	336	6
996	1020	0	0.49404761904761907
151	185	0	0.4494047619047619
