x^2+x
#E(F_p)	#E(Q)	index
totalsplit	totalinert	totalramified	totalsplitpercentage
split	inert	ramified	splitpercentage
p = 2
3	1	3
1	2	0	0.3333333333333333
1	0	0	1.0
p = 5
9	3	3
7	2	0	0.7777777777777778
1	2	0	0.3333333333333333
p = 11
18	6	3
10	8	0	0.5555555555555556
4	2	2	0.6666666666666666
p = 13
18	6	3
10	8	0	0.5555555555555556
6	0	2	1.0
p = 17
21	7	3
11	10	0	0.5238095238095238
5	2	0	0.7142857142857143
p = 19
18	6	3
11	7	0	0.6111111111111112
3	3	0	0.5
p = 23
18	3	6
7	11	0	0.3888888888888889
1	2	0	0.3333333333333333
p = 29
24	8	3
14	10	0	0.5833333333333334
2	6	0	0.25
p = 31
36	12	3
21	15	0	0.5833333333333334
5	7	0	0.4166666666666667
p = 37
45	15	3
25	20	0	0.5555555555555556
9	6	0	0.6
p = 41
39	13	3
15	24	0	0.38461538461538464
5	8	0	0.38461538461538464
p = 43
45	15	3
29	16	0	0.6444444444444445
7	8	0	0.4666666666666667
p = 47
57	19	3
33	24	0	0.5789473684210527
11	8	0	0.5789473684210527
p = 53
48	8	6
27	21	0	0.5625
5	3	0	0.625
p = 59
69	23	3
33	36	0	0.4782608695652174
13	10	0	0.5652173913043478
p = 61
72	24	3
41	31	0	0.5694444444444444
11	13	2	0.4583333333333333
p = 67
72	12	6
33	39	0	0.4583333333333333
8	4	0	0.6666666666666666
p = 71
72	4	18
43	29	0	0.5972222222222222
3	1	0	0.75
p = 73
72	4	18
41	31	0	0.5694444444444444
3	1	0	0.75
p = 79
81	9	9
41	40	0	0.5061728395061729
5	4	0	0.5555555555555556
p = 83
87	29	3
43	44	0	0.4942528735632184
11	18	0	0.3793103448275862
p = 89
96	8	12
52	44	0	0.5416666666666666
6	2	0	0.75
p = 97
108	36	3
60	48	0	0.5555555555555556
22	14	0	0.6111111111111112
p = 101
108	18	6
59	49	0	0.5462962962962963
11	7	0	0.6111111111111112
p = 103
90	15	6
48	42	0	0.5333333333333333
9	6	0	0.6
p = 107
114	19	6
52	62	0	0.45614035087719296
9	10	0	0.47368421052631576
p = 109
99	33	3
47	52	0	0.47474747474747475
19	14	0	0.5757575757575758
p = 113
102	34	3
48	54	0	0.47058823529411764
20	14	2	0.5882352941176471
p = 127
135	15	9
71	64	0	0.5259259259259259
3	12	0	0.2
p = 131
144	6	24
82	62	0	0.5694444444444444
3	3	0	0.5
p = 137
126	42	3
69	57	0	0.5476190476190477
29	13	2	0.6904761904761905
p = 139
162	54	3
83	79	0	0.5123456790123457
33	21	0	0.6111111111111112
p = 149
144	48	3
70	74	0	0.4861111111111111
26	22	0	0.5416666666666666
p = 151
171	57	3
95	76	0	0.5555555555555556
33	24	0	0.5789473684210527
p = 157
144	48	3
65	79	0	0.4513888888888889
23	25	0	0.4791666666666667
p = 163
171	57	3
87	84	0	0.5087719298245614
27	30	0	0.47368421052631576
p = 167
165	55	3
75	90	0	0.45454545454545453
19	36	0	0.34545454545454546
p = 173
156	13	12
82	74	0	0.5256410256410257
5	8	0	0.38461538461538464
p = 179
192	64	3
103	89	0	0.5364583333333334
37	27	0	0.578125
p = 181
162	9	18
82	80	0	0.5061728395061729
7	2	0	0.7777777777777778
p = 191
210	35	6
107	103	0	0.5095238095238095
17	18	0	0.4857142857142857
p = 193
207	69	3
113	94	0	0.5458937198067633
33	36	0	0.4782608695652174
p = 197
180	20	9
85	95	0	0.4722222222222222
13	7	0	0.65
p = 199
180	30	6
96	84	0	0.5333333333333333
16	14	0	0.5333333333333333
p = 211
216	9	24
111	105	0	0.5138888888888888
5	4	0	0.5555555555555556
p = 223
216	8	27
101	115	0	0.4675925925925926
3	5	0	0.375
p = 227
216	36	6
109	107	0	0.5046296296296297
20	16	0	0.5555555555555556
p = 229
234	39	6
127	107	0	0.5427350427350427
23	16	0	0.5897435897435898
p = 233
258	86	3
131	127	0	0.5077519379844961
39	47	0	0.45348837209302323
p = 239
228	76	3
112	116	0	0.49122807017543857
38	38	0	0.5
p = 241
234	78	3
110	124	0	0.4700854700854701
44	34	0	0.5641025641025641
p = 251
279	31	9
151	128	0	0.5412186379928315
17	14	0	0.5483870967741935
p = 257
252	42	6
116	136	0	0.4603174603174603
19	23	0	0.4523809523809524
p = 263
252	84	3
136	116	0	0.5396825396825397
44	40	0	0.5238095238095238
p = 269
273	91	3
141	132	0	0.5164835164835165
41	50	0	0.45054945054945056
p = 271
270	15	18
149	121	0	0.5518518518518518
7	8	0	0.4666666666666667
p = 277
261	87	3
141	120	0	0.5402298850574713
43	44	2	0.4942528735632184
p = 281
312	26	12
158	154	0	0.5064102564102564
16	10	0	0.6153846153846154
p = 283
270	30	9
151	119	0	0.5592592592592592
17	13	0	0.5666666666666667
p = 293
327	109	3
169	158	0	0.5168195718654435
53	56	0	0.48623853211009177
p = 307
306	17	18
143	163	0	0.4673202614379085
11	6	0	0.6470588235294118
p = 311
321	107	3
167	154	0	0.5202492211838006
55	52	2	0.514018691588785
p = 313
306	51	6
141	165	0	0.46078431372549017
25	26	0	0.49019607843137253
p = 317
336	56	6
163	173	0	0.4851190476190476
29	27	0	0.5178571428571429
p = 331
333	111	3
171	162	0	0.5135135135135135
47	64	2	0.42342342342342343
p = 337
351	39	9
175	176	0	0.4985754985754986
17	22	0	0.4358974358974359
p = 347
348	116	3
169	179	0	0.48563218390804597
49	67	0	0.4224137931034483
p = 349
342	57	6
161	181	0	0.47076023391812866
29	28	0	0.5087719298245614
p = 353
333	111	3
163	170	0	0.4894894894894895
49	62	0	0.44144144144144143
p = 359
366	61	6
182	184	0	0.4972677595628415
37	24	0	0.6065573770491803
p = 367
378	21	18
200	178	0	0.5291005291005291
17	4	0	0.8095238095238095
p = 373
351	117	3
173	178	0	0.4928774928774929
47	70	0	0.4017094017094017
p = 379
351	39	9
177	174	0	0.5042735042735043
21	18	0	0.5384615384615384
p = 383
369	123	3
193	176	0	0.5230352303523035
69	54	0	0.5609756097560976
p = 389
396	132	3
192	204	0	0.48484848484848486
58	74	0	0.4393939393939394
p = 397
396	33	12
217	179	0	0.547979797979798
17	16	0	0.5151515151515151
p = 401
414	69	6
192	222	0	0.463768115942029
33	36	2	0.4782608695652174
p = 409
414	69	6
212	202	0	0.5120772946859904
33	36	0	0.4782608695652174
p = 419
399	133	3
195	204	0	0.48872180451127817
65	68	0	0.48872180451127817
p = 421
432	8	54
218	214	0	0.5046296296296297
5	3	0	0.625
p = 431
444	37	12
208	236	0	0.46846846846846846
15	22	0	0.40540540540540543
p = 433
450	50	9
226	224	0	0.5022222222222222
22	28	0	0.44
p = 439
468	13	36
232	236	0	0.49572649572649574
7	6	0	0.5384615384615384
p = 443
462	154	3
250	212	0	0.5411255411255411
72	82	0	0.4675324675324675
p = 449
450	50	9
245	205	0	0.5444444444444444
29	21	0	0.58
p = 457
432	24	18
236	196	0	0.5462962962962963
17	7	0	0.7083333333333334
p = 461
447	149	3
241	206	0	0.5391498881431768
81	68	0	0.5436241610738255
p = 463
459	17	27
237	222	0	0.5163398692810458
13	4	0	0.7647058823529411
p = 467
492	82	6
243	249	0	0.49390243902439024
35	47	0	0.4268292682926829
p = 479
459	153	3
229	230	0	0.4989106753812636
85	68	0	0.5555555555555556
p = 487
504	84	6
252	252	0	0.5
52	32	0	0.6190476190476191
p = 491
516	172	3
273	243	0	0.5290697674418605
95	77	0	0.5523255813953488
p = 499
495	33	15
253	242	0	0.5111111111111111
15	18	0	0.45454545454545453
p = 503
477	53	9
255	222	0	0.5345911949685535
29	24	0	0.5471698113207547
p = 509
549	183	3
287	262	0	0.5227686703096539
101	82	0	0.5519125683060109
p = 521
561	187	3
295	266	0	0.5258467023172906
85	102	0	0.45454545454545453
p = 523
540	20	27
269	271	0	0.4981481481481482
13	7	0	0.65
p = 541
585	195	3
287	298	0	0.4905982905982906
85	110	0	0.4358974358974359
p = 547
549	183	3
265	284	0	0.48269581056466304
77	106	0	0.4207650273224044
p = 557
570	95	6
282	288	0	0.49473684210526314
55	40	0	0.5789473684210527
p = 563
564	94	6
276	288	0	0.48936170212765956
50	44	0	0.5319148936170213
p = 569
552	23	24
267	285	0	0.483695652173913
7	16	0	0.30434782608695654
p = 571
549	183	3
271	278	0	0.4936247723132969
77	106	0	0.4207650273224044
p = 577
594	11	54
293	301	0	0.49326599326599324
9	2	0	0.8181818181818182
p = 587
600	20	30
282	318	0	0.47
12	8	0	0.6
p = 593
609	203	3
315	294	0	0.5172413793103449
107	96	0	0.5270935960591133
p = 599
618	206	3
309	309	0	0.5
103	103	0	0.5
p = 601
594	198	3
321	273	0	0.5404040404040404
123	75	0	0.6212121212121212
p = 607
648	216	3
331	317	0	0.5108024691358025
115	101	0	0.5324074074074074
p = 613
648	36	18
307	341	0	0.4737654320987654
16	20	0	0.4444444444444444
p = 617
588	49	12
314	274	0	0.5340136054421769
31	18	0	0.6326530612244898
p = 619
630	210	3
294	336	0	0.4666666666666667
88	122	0	0.41904761904761906
p = 631
639	71	9
313	326	0	0.48982785602503914
35	36	0	0.49295774647887325
p = 641
612	12	51
308	304	0	0.5032679738562091
10	2	0	0.8333333333333334
p = 643
630	21	30
321	309	0	0.5095238095238095
11	10	2	0.5238095238095238
p = 647
624	104	6
331	293	0	0.530448717948718
62	42	0	0.5961538461538461
p = 653
630	210	3
318	312	0	0.5047619047619047
96	114	0	0.45714285714285713
p = 659
636	53	12
325	311	0	0.5110062893081762
33	20	0	0.6226415094339622
p = 661
630	14	45
295	335	0	0.46825396825396826
11	3	0	0.7857142857142857
p = 673
648	18	36
318	330	0	0.49074074074074076
13	5	0	0.7222222222222222
p = 677
660	110	6
327	333	0	0.4954545454545455
63	47	0	0.5727272727272728
p = 683
696	8	87
358	338	0	0.514367816091954
8	0	0	1.0
p = 691
648	24	27
349	299	0	0.5385802469135802
13	11	0	0.5416666666666666
p = 701
738	82	9
356	382	0	0.4823848238482385
52	30	0	0.6341463414634146
p = 709
711	237	3
367	344	0	0.5161744022503516
105	132	0	0.4430379746835443
p = 719
753	251	3
363	390	0	0.4820717131474104
127	124	0	0.5059760956175299
p = 727
738	246	3
363	375	0	0.491869918699187
123	123	0	0.5
p = 733
702	39	18
351	351	0	0.5
21	18	0	0.5384615384615384
p = 739
720	30	24
368	352	0	0.5111111111111111
17	13	0	0.5666666666666667
p = 743
750	250	3
375	375	0	0.5
131	119	0	0.524
p = 751
756	126	6
390	366	0	0.5158730158730159
67	59	0	0.5317460317460317
p = 757
711	79	9
363	348	0	0.510548523206751
35	44	0	0.4430379746835443
p = 761
711	237	3
339	372	0	0.4767932489451477
95	142	2	0.4008438818565401
p = 769
810	45	18
425	385	0	0.5246913580246914
25	20	0	0.5555555555555556
p = 773
795	265	3
413	382	0	0.519496855345912
149	116	0	0.5622641509433962
p = 787
774	129	6
373	401	0	0.4819121447028424
71	58	0	0.5503875968992248
p = 797
804	134	6
402	402	0	0.5
82	52	0	0.6119402985074627
p = 809
804	67	12
420	384	0	0.5223880597014925
27	40	2	0.40298507462686567
p = 811
864	32	27
458	406	0	0.5300925925925926
12	20	0	0.375
p = 821
786	131	6
407	379	0	0.5178117048346056
69	62	0	0.5267175572519084
p = 823
819	273	3
421	398	0	0.514041514041514
155	118	0	0.5677655677655677
p = 827
792	88	9
391	401	0	0.4936868686868687
41	47	0	0.4659090909090909
p = 829
828	276	3
422	406	0	0.5096618357487923
130	146	0	0.47101449275362317
p = 839
861	287	3
427	434	0	0.4959349593495935
147	140	0	0.5121951219512195
p = 853
810	45	18
402	408	0	0.4962962962962963
11	34	0	0.24444444444444444
p = 857
855	285	3
445	410	0	0.52046783625731
137	148	2	0.4807017543859649
p = 859
882	147	6
415	467	0	0.47052154195011336
59	88	0	0.4013605442176871
p = 863
870	145	6
432	438	0	0.496551724137931
73	72	0	0.503448275862069
p = 877
909	303	3
463	446	0	0.5093509350935094
155	148	0	0.5115511551155115
p = 881
864	48	18
412	452	0	0.47685185185185186
28	20	0	0.5833333333333334
p = 883
891	99	9
449	442	0	0.5039281705948373
51	48	0	0.5151515151515151
p = 887
909	303	3
437	472	0	0.4807480748074808
141	162	0	0.46534653465346537
p = 907
963	321	3
485	478	0	0.5036344755970924
173	148	0	0.5389408099688473
p = 911
942	314	3
457	485	0	0.4851380042462845
161	153	0	0.5127388535031847
p = 919
891	99	9
459	432	0	0.5151515151515151
57	42	0	0.5757575757575758
p = 929
903	43	21
433	470	0	0.4795127353266888
19	24	0	0.4418604651162791
p = 937
972	108	9
483	489	0	0.49691358024691357
49	59	0	0.4537037037037037
p = 941
969	323	3
487	482	0	0.5025799793601651
161	162	0	0.4984520123839009
p = 947
984	164	6
493	491	0	0.5010162601626016
79	85	0	0.4817073170731707
p = 953
1008	56	18
512	496	0	0.5079365079365079
34	22	0	0.6071428571428571
p = 967
1008	42	24
504	504	0	0.5
29	13	0	0.6904761904761905
p = 971
951	317	3
453	498	0	0.47634069400630913
153	164	2	0.48264984227129337
p = 977
942	157	6
471	471	0	0.5
83	74	0	0.5286624203821656
p = 983
981	327	3
481	500	0	0.49031600407747195
169	158	0	0.5168195718654435
p = 991
945	105	9
497	448	0	0.5259259259259259
53	52	0	0.5047619047619047
p = 997
1008	336	3
517	491	0	0.5128968253968254
187	149	2	0.5565476190476191
p = 1009
981	109	9
473	508	0	0.48216106014271154
53	56	0	0.48623853211009177
p = 1013
1071	51	21
539	532	0	0.5032679738562091
33	18	0	0.6470588235294118
p = 1019
1080	180	6
567	513	0	0.525
91	89	0	0.5055555555555555
p = 1021
972	108	9
473	499	0	0.48662551440329216
49	59	0	0.4537037037037037
p = 1031
1008	336	3
511	497	0	0.5069444444444444
175	161	2	0.5208333333333334
p = 1033
999	333	3
525	474	0	0.5255255255255256
183	150	0	0.5495495495495496
p = 1039
1026	38	27
499	527	0	0.48635477582846004
23	15	0	0.6052631578947368
p = 1049
1065	355	3
519	546	0	0.48732394366197185
177	178	0	0.49859154929577465
p = 1051
1080	90	12
550	530	0	0.5092592592592593
46	44	0	0.5111111111111111
p = 1061
1038	173	6
502	536	0	0.4836223506743738
85	88	0	0.4913294797687861
p = 1063
1080	60	18
557	523	0	0.5157407407407407
37	23	0	0.6166666666666667
p = 1069
1080	30	36
534	546	0	0.49444444444444446
20	10	0	0.6666666666666666
p = 1087
1089	363	3
527	562	0	0.4839302112029385
157	206	0	0.4325068870523416
p = 1091
1059	353	3
531	528	0	0.5014164305949008
181	172	0	0.5127478753541076
p = 1093
1116	186	6
546	570	0	0.489247311827957
86	100	0	0.46236559139784944
p = 1097
1041	347	3
517	524	0	0.4966378482228626
171	176	0	0.49279538904899134
p = 1103
1122	374	3
582	540	0	0.5187165775401069
190	184	2	0.5080213903743316
p = 1109
1107	369	3
555	552	0	0.5013550135501355
173	196	0	0.46883468834688347
p = 1117
1080	60	18
524	556	0	0.48518518518518516
26	34	0	0.43333333333333335
p = 1123
1188	396	3
587	601	0	0.4941077441077441
199	197	0	0.5025252525252525
p = 1129
1152	48	24
578	574	0	0.5017361111111112
35	13	0	0.7291666666666666
p = 1151
1155	77	15
565	590	0	0.48917748917748916
45	32	0	0.5844155844155844
p = 1153
1098	366	3
554	544	0	0.5045537340619308
178	188	2	0.48633879781420764
p = 1163
1176	28	42
602	574	0	0.5119047619047619
18	10	0	0.6428571428571429
p = 1171
1143	381	3
557	586	0	0.4873140857392826
185	196	0	0.48556430446194226
p = 1181
1155	385	3
561	594	0	0.4857142857142857
203	182	0	0.5272727272727272
p = 1187
1128	47	24
558	570	0	0.4946808510638298
23	24	0	0.48936170212765956
p = 1193
1257	419	3
655	602	0	0.5210819411296739
201	218	2	0.4797136038186158
p = 1201
1224	12	102
600	624	0	0.49019607843137253
5	7	0	0.4166666666666667
p = 1213
1251	417	3
617	634	0	0.49320543565147884
187	230	0	0.44844124700239807
p = 1217
1212	101	12
614	598	0	0.5066006600660066
59	42	0	0.5841584158415841
p = 1223
1167	389	3
559	608	0	0.47900599828620394
177	212	0	0.455012853470437
p = 1229
1194	199	6
618	576	0	0.5175879396984925
109	90	2	0.5477386934673367
p = 1231
1260	210	6
612	648	0	0.4857142857142857
94	116	0	0.44761904761904764
p = 1237
1188	66	18
602	586	0	0.5067340067340067
32	34	0	0.48484848484848486
p = 1249
1224	51	24
618	606	0	0.5049019607843137
27	24	0	0.5294117647058824
p = 1259
1305	145	9
645	660	0	0.4942528735632184
69	76	0	0.47586206896551725
p = 1277
1263	421	3
657	606	0	0.5201900237529691
215	206	0	0.5106888361045131
p = 1279
1314	438	3
670	644	0	0.5098934550989346
226	212	0	0.5159817351598174
p = 1283
1296	216	6
627	669	0	0.4837962962962963
91	125	2	0.4212962962962963
p = 1289
1320	110	12
634	686	0	0.4803030303030303
44	66	0	0.4
p = 1291
1296	144	9
614	682	0	0.4737654320987654
66	78	0	0.4583333333333333
p = 1297
1341	447	3
665	676	0	0.49589858314690527
221	226	0	0.49440715883668906
p = 1301
1272	106	12
614	658	0	0.4827044025157233
40	66	0	0.37735849056603776
p = 1303
1305	87	15
675	630	0	0.5172413793103449
43	44	0	0.4942528735632184
p = 1307
1371	457	3
703	668	0	0.512764405543399
237	220	0	0.5185995623632386
p = 1319
1311	437	3
625	686	0	0.4767353165522502
209	228	2	0.4782608695652174
p = 1321
1368	456	3
676	692	0	0.49415204678362573
244	212	0	0.5350877192982456
p = 1327
1305	435	3
659	646	0	0.5049808429118774
211	224	0	0.4850574712643678
p = 1361
1332	222	6
697	635	0	0.5232732732732732
121	101	0	0.545045045045045
p = 1367
1428	476	3
705	723	0	0.49369747899159666
213	263	0	0.4474789915966387
p = 1373
1398	233	6
724	674	0	0.5178826895565093
105	128	0	0.45064377682403434
p = 1381
1395	93	15
695	700	0	0.4982078853046595
37	56	0	0.3978494623655914
p = 1399
1440	480	3
735	705	0	0.5104166666666666
239	241	0	0.4979166666666667
p = 1409
1458	486	3
726	732	0	0.49794238683127573
236	250	0	0.48559670781893005
p = 1423
1449	483	3
733	716	0	0.5058661145617668
243	240	0	0.5031055900621118
p = 1427
1443	481	3
747	696	0	0.5176715176715176
233	248	0	0.48440748440748443
p = 1429
1485	495	3
743	742	0	0.5003367003367003
233	262	0	0.4707070707070707
p = 1433
1443	481	3
741	702	0	0.5135135135135135
269	212	0	0.5592515592515592
p = 1439
1470	245	6
748	722	0	0.508843537414966
121	124	0	0.49387755102040815
p = 1447
1386	231	6
678	708	0	0.48917748917748916
107	124	0	0.46320346320346323
p = 1451
1452	484	3
716	736	0	0.4931129476584022
242	242	0	0.5
p = 1453
1440	30	48
692	748	0	0.48055555555555557
16	14	0	0.5333333333333333
p = 1459
1476	492	3
734	742	0	0.497289972899729
258	234	0	0.524390243902439
p = 1471
1449	69	21
709	740	0	0.4893029675638371
29	40	0	0.42028985507246375
p = 1481
1518	253	6
770	748	0	0.5072463768115942
135	118	0	0.5335968379446641
p = 1483
1458	243	6
723	735	0	0.49588477366255146
111	132	0	0.4567901234567901
p = 1487
1512	126	12
774	738	0	0.5119047619047619
57	69	0	0.4523809523809524
p = 1489
1458	243	6
724	734	0	0.49657064471879286
127	116	0	0.522633744855967
p = 1493
1428	28	51
682	746	0	0.47759103641456585
10	18	0	0.35714285714285715
p = 1499
1434	239	6
710	724	0	0.49511854951185497
123	116	0	0.5146443514644351
p = 1511
1449	7	207
723	726	0	0.4989648033126294
5	2	0	0.7142857142857143
p = 1523
1512	126	12
776	736	0	0.5132275132275133
64	62	0	0.5079365079365079
p = 1531
1584	44	36
801	783	0	0.5056818181818182
19	25	0	0.4318181818181818
p = 1543
1548	172	9
752	796	0	0.48578811369509045
80	92	0	0.46511627906976744
p = 1549
1620	18	90
847	773	0	0.5228395061728395
3	15	0	0.16666666666666666
p = 1553
1488	124	12
751	737	0	0.5047043010752689
59	65	0	0.47580645161290325
p = 1559
1533	511	3
739	794	0	0.482061317677756
261	250	0	0.5107632093933464
p = 1567
1530	85	18
762	768	0	0.4980392156862745
59	26	0	0.6941176470588235
p = 1571
1635	545	3
783	852	0	0.47889908256880737
249	296	0	0.45688073394495415
p = 1579
1575	525	3
759	816	0	0.4819047619047619
257	268	0	0.4895238095238095
p = 1583
1530	5	306
749	781	0	0.4895424836601307
1	4	0	0.2
p = 1597
1629	543	3
797	832	0	0.4892572130141191
287	256	0	0.5285451197053407
p = 1601
1536	256	6
736	800	0	0.4791666666666667
109	147	0	0.42578125
p = 1607
1662	277	6
811	851	0	0.4879663056558363
147	130	0	0.5306859205776173
p = 1609
1548	258	6
742	806	0	0.479328165374677
130	128	0	0.5038759689922481
p = 1613
1647	549	3
829	818	0	0.5033394049787493
283	266	0	0.5154826958105647
p = 1619
1662	554	3
823	839	0	0.49518652226233456
253	301	2	0.4566787003610108
p = 1621
1647	183	9
831	816	0	0.5045537340619308
97	86	2	0.5300546448087432
p = 1627
1566	87	18
750	816	0	0.4789272030651341
43	44	0	0.4942528735632184
p = 1637
1584	44	36
776	808	0	0.4898989898989899
16	28	0	0.36363636363636365
p = 1657
1692	141	12
826	866	0	0.48817966903073284
69	72	0	0.48936170212765956
p = 1663
1620	54	30
813	807	0	0.5018518518518519
25	29	0	0.46296296296296297
p = 1667
1626	271	6
807	819	0	0.496309963099631
123	148	0	0.45387453874538747
p = 1669
1746	291	6
857	889	0	0.490836197021764
161	130	0	0.5532646048109966
p = 1693
1620	36	45
784	836	0	0.4839506172839506
22	14	0	0.6111111111111112
p = 1697
1680	140	12
828	852	0	0.4928571428571429
70	70	0	0.5
p = 1699
1656	276	6
804	852	0	0.4855072463768116
140	136	0	0.5072463768115942
p = 1709
1710	19	90
848	862	0	0.495906432748538
9	10	0	0.47368421052631576
p = 1721
1752	73	24
861	891	0	0.4914383561643836
39	34	0	0.5342465753424658
p = 1723
1647	61	27
829	818	0	0.5033394049787493
33	28	0	0.5409836065573771
p = 1733
1680	5	336
836	844	0	0.4976190476190476
3	2	0	0.6
p = 1741
1782	594	3
932	850	0	0.5230078563411896
332	262	0	0.5589225589225589
p = 1747
1764	294	6
906	858	0	0.5136054421768708
136	158	0	0.46258503401360546
p = 1753
1782	66	27
899	883	0	0.5044893378226711
43	23	0	0.6515151515151515
p = 1759
1737	579	3
849	888	0	0.48877374784110533
273	306	0	0.47150259067357514
p = 1777
1836	17	108
911	925	0	0.49618736383442263
7	10	0	0.4117647058823529
p = 1783
1782	198	9
898	884	0	0.5039281705948373
96	102	0	0.48484848484848486
p = 1787
1728	576	3
889	839	0	0.5144675925925926
321	255	2	0.5572916666666666
p = 1789
1755	195	9
891	864	0	0.5076923076923077
117	78	0	0.6
p = 1801
1791	597	3
879	912	0	0.490787269681742
313	284	0	0.52428810720268
p = 1811
1767	589	3
905	862	0	0.5121675155631012
309	280	0	0.5246179966044142
p = 1823
1815	605	3
875	940	0	0.4820936639118457
277	328	2	0.4578512396694215
p = 1831
1845	615	3
911	934	0	0.4937669376693767
285	330	2	0.4634146341463415
p = 1847
1905	127	15
931	974	0	0.48871391076115483
75	52	0	0.5905511811023622
p = 1861
1926	321	6
983	943	0	0.5103842159916926
169	152	0	0.5264797507788161
p = 1867
1818	303	6
868	950	0	0.47744774477447743
153	150	0	0.504950495049505
p = 1871
1860	5	372
967	893	0	0.5198924731182796
5	0	0	1.0
p = 1873
1845	615	3
953	892	0	0.5165311653116531
343	272	0	0.5577235772357724
p = 1877
1848	616	3
955	893	0	0.5167748917748918
303	313	0	0.49188311688311687
p = 1879
1926	321	6
937	989	0	0.48650051921079956
155	166	0	0.48286604361370716
p = 1889
1863	207	9
929	934	0	0.4986580783682233
115	92	0	0.5555555555555556
p = 1901
1908	159	12
954	954	0	0.5
81	78	0	0.5094339622641509
p = 1907
1911	637	3
953	958	0	0.4986917844060701
303	334	0	0.47566718995290425
p = 1913
1908	636	3
973	935	0	0.509958071278826
337	299	2	0.529874213836478
p = 1931
1983	661	3
997	986	0	0.502773575390822
321	340	0	0.4856278366111952
p = 1933
1899	633	3
935	964	0	0.49236440231700895
309	324	0	0.4881516587677725
p = 1949
1995	665	3
1013	982	0	0.5077694235588972
341	324	0	0.512781954887218
p = 1951
1890	7	270
980	910	0	0.5185185185185185
3	4	0	0.42857142857142855
p = 1973
1977	659	3
1015	962	0	0.5134041476985332
335	324	0	0.5083459787556904
p = 1979
1923	641	3
951	972	0	0.49453978159126366
325	316	0	0.5070202808112324
p = 1987
1962	654	3
993	969	0	0.5061162079510704
315	339	2	0.481651376146789
p = 1993
1998	222	9
994	1004	0	0.4974974974974975
112	110	0	0.5045045045045045
p = 1997
1986	331	6
999	987	0	0.5030211480362538
187	144	0	0.5649546827794562
p = 1999
2016	336	6
1010	1006	0	0.5009920634920635
151	185	0	0.4494047619047619
