#E(F_p)	#E(Q)	index
totalsplit	totalinert	totalramified	totalsplitpercentage
split	inert	ramified	splitpercentage
p = 13829
13650	2275	6
6750	6900	0	0.4945054945054945
1141	1134	0	0.5015384615384615
p = 13831
13770	765	18
6819	6951	2	0.4952069716775599
363	402	0	0.4745098039215686
p = 13841
13722	4574	3
6827	6895	0	0.4975222270806005
2289	2285	0	0.5004372540445999
p = 13859
13932	774	18
7057	6875	2	0.5065317255239736
403	371	0	0.520671834625323
p = 13873
13770	1530	9
6870	6900	0	0.4989106753812636
804	726	0	0.5254901960784314
p = 13877
13836	1153	12
6897	6939	0	0.4984822202948829
599	554	0	0.5195143104943626
p = 13879
13662	1518	9
6758	6904	2	0.4946567120480164
752	766	0	0.49538866930171277
p = 13883
13662	4554	3
6791	6871	0	0.49707217098521445
2277	2277	0	0.5
p = 13901
13863	4621	3
6859	7004	2	0.49477025174926065
2313	2308	2	0.5005410084397317
p = 13903
14013	519	27
6927	7086	2	0.4943266966388354
259	260	0	0.49903660886319845
p = 13907
13953	4651	3
6987	6966	0	0.5007525263384218
2341	2310	0	0.5033326166415825
p = 13913
13692	4564	3
6873	6819	0	0.5019719544259421
2295	2269	0	0.5028483786152498
p = 13921
13914	2319	6
7054	6860	2	0.5069713957165445
1187	1132	0	0.511858559724019
p = 13931
13824	768	18
6823	7001	2	0.4935619212962963
405	363	0	0.52734375
p = 13933
14112	2352	6
7144	6968	0	0.5062358276643991
1118	1234	0	0.47534013605442177
p = 13963
14094	4698	3
7110	6984	0	0.5044699872286079
2342	2356	0	0.4985100042571307
p = 13967
14046	2341	6
6957	7089	2	0.49530115335326785
1209	1132	0	0.5164459632635626
p = 13997
14040	1170	12
7064	6976	2	0.5031339031339032
594	576	0	0.5076923076923077
p = 13999
14040	585	24
6915	7125	2	0.49252136752136755
281	304	2	0.48034188034188036
p = 14009
13860	4620	3
7005	6855	0	0.5054112554112554
2321	2299	0	0.5023809523809524
p = 14011
13887	4629	3
7047	6840	0	0.507453013609851
2369	2260	0	0.5117736012097646
p = 14029
13959	423	33
6967	6992	0	0.49910452038111613
213	210	0	0.5035460992907801
p = 14033
14088	2348	6
7096	6992	2	0.5036910846110164
1141	1207	0	0.48594548551959116
p = 14051
14196	4732	3
7047	7149	0	0.49640743871513104
2357	2375	0	0.4980980557903635
p = 14057
13842	769	18
6901	6941	2	0.4985551220921832
383	386	0	0.4980494148244473
p = 14071
13851	4617	3
6959	6892	2	0.5024185979351672
2247	2370	0	0.4866796621182586
p = 14081
14136	4712	3
7031	7105	2	0.4973825693265422
2421	2291	2	0.5137945670628183
p = 14083
13932	4644	3
7019	6913	0	0.503804191788688
2391	2253	0	0.5148578811369509
p = 14087
14283	4761	3
7225	7058	2	0.5058461107610446
2395	2366	0	0.5030455786599454
p = 14107
14256	792	18
7170	7086	0	0.5029461279461279
412	380	0	0.5202020202020202
p = 14143
14238	2373	6
7122	7116	0	0.5002107037505268
1175	1198	0	0.49515381373788453
p = 14149
14076	2346	6
7031	7045	0	0.49950269963057686
1186	1160	0	0.505541346973572
p = 14153
14196	2366	6
7087	7109	0	0.4992251338405185
1139	1227	0	0.4814032121724429
p = 14159
14376	599	24
7179	7197	2	0.4993739565943239
315	284	0	0.5258764607679466
p = 14173
13950	465	30
7004	6946	0	0.5020788530465949
231	234	0	0.4967741935483871
p = 14177
14142	2357	6
7163	6979	2	0.5065054447744308
1217	1140	0	0.5163343232923208
p = 14197
13995	4665	3
7055	6940	2	0.504108610217935
2383	2282	0	0.5108252947481243
p = 14207
14046	4682	3
7053	6993	0	0.5021358393848783
2299	2383	0	0.4910294745835113
p = 14221
14364	266	54
7178	7186	2	0.4997215260373155
137	129	0	0.5150375939849624
p = 14243
14328	1194	12
7175	7153	2	0.5007677275265215
548	646	0	0.45896147403685095
p = 14249
14364	4788	3
7122	7242	0	0.49582289055973267
2378	2410	0	0.49665831244778613
p = 14251
14058	2343	6
6993	7065	2	0.4974391805377721
1179	1164	2	0.5032010243277849
p = 14281
14139	4713	3
7059	7080	0	0.49925737322300023
2349	2364	0	0.49840865690642905
p = 14293
14310	530	27
7195	7115	0	0.5027952480782669
271	259	0	0.5113207547169811
p = 14303
14340	2390	6
7094	7246	2	0.49470013947001396
1242	1148	0	0.5196652719665272
p = 14321
14415	155	93
7147	7268	0	0.4958029830038155
89	66	0	0.5741935483870968
p = 14323
14535	969	15
7263	7272	2	0.4996904024767802
477	492	0	0.49226006191950467
p = 14327
14505	4835	3
7229	7276	0	0.498379869010686
2401	2434	0	0.4965873836608066
p = 14341
14400	1200	12
7270	7130	0	0.5048611111111111
580	620	0	0.48333333333333334
p = 14347
14373	4791	3
7231	7142	0	0.5030960829332777
2477	2314	0	0.517011062408683
p = 14369
14544	1212	12
7233	7311	0	0.49731848184818483
631	581	0	0.5206270627062707
p = 14387
14292	2382	6
7205	7087	2	0.5041281835992163
1181	1201	0	0.49580184718723763
p = 14389
14328	1194	12
7151	7177	0	0.4990926856504746
635	559	0	0.5318257956448911
p = 14401
14229	1581	9
7025	7204	2	0.49371002881439313
763	818	0	0.48260594560404807
p = 14407
14499	1611	9
7239	7260	0	0.4992758121249741
809	802	0	0.5021725636250776
p = 14411
14448	172	84
7138	7310	0	0.49404761904761907
92	80	0	0.5348837209302325
p = 14419
14544	1616	9
7201	7343	2	0.4951182618261826
761	855	0	0.4709158415841584
p = 14423
14433	4811	3
7267	7166	2	0.5034989260721957
2455	2356	2	0.5102889212221992
p = 14431
14373	4791	3
7215	7158	2	0.5019828845752452
2415	2376	2	0.504070131496556
p = 14437
14400	4800	3
7182	7218	2	0.49875
2356	2444	0	0.49083333333333334
p = 14447
14568	2428	6
7326	7242	0	0.5028830313014827
1189	1239	0	0.4897034596375618
p = 14449
14499	4833	3
7331	7168	2	0.505621077315677
2477	2356	2	0.5125181046968756
p = 14461
14382	4794	3
7195	7187	2	0.500278125434571
2419	2375	0	0.5045890696704214
p = 14479
14580	2430	6
7323	7257	2	0.5022633744855967
1271	1159	0	0.5230452674897119
p = 14489
14481	1609	9
7263	7218	0	0.5015537600994406
781	828	0	0.4853946550652579
p = 14503
14580	1215	12
7265	7315	0	0.49828532235939643
575	640	0	0.4732510288065844
p = 14519
14694	2449	6
7320	7374	0	0.4981625153123724
1209	1240	0	0.4936708860759494
p = 14533
14607	1623	9
7365	7242	0	0.5042103101252824
847	776	0	0.5218730745532963
p = 14537
14475	965	15
7129	7346	2	0.4925043177892919
483	482	0	0.5005181347150259
p = 14543
14520	2420	6
7246	7274	2	0.4990358126721763
1238	1182	0	0.5115702479338843
p = 14549
14568	2428	6
7202	7366	2	0.4943712246018671
1187	1241	0	0.48887973640856675
p = 14551
14616	609	24
7323	7293	2	0.5010262725779967
287	322	0	0.47126436781609193
p = 14557
14517	4839	3
7343	7174	2	0.5058207618653991
2445	2394	2	0.5052696838189709
p = 14561
14598	811	18
7230	7368	0	0.4952733251130292
393	418	0	0.4845869297163995
p = 14563
14598	2433	6
7343	7255	2	0.5030141115221263
1219	1214	0	0.5010275380189066
p = 14591
14544	2424	6
7256	7288	0	0.4988998899889989
1168	1256	0	0.48184818481848185
p = 14593
14580	4860	3
7230	7350	0	0.49588477366255146
2470	2390	0	0.5082304526748971
p = 14621
14652	1221	12
7305	7347	0	0.49856674856674854
601	620	0	0.49221949221949224
p = 14627
14526	2421	6
7265	7261	2	0.500137684152554
1175	1246	2	0.4853366377529946
p = 14629
14562	2427	6
7165	7397	0	0.49203406125532206
1193	1234	0	0.4915533580552122
p = 14633
14628	1219	12
7342	7286	2	0.5019141372709871
625	594	0	0.5127153404429861
p = 14639
14832	4944	3
7364	7468	0	0.4964940668824164
2392	2552	0	0.48381877022653724
p = 14653
14679	4893	3
7289	7390	0	0.4965597111519858
2441	2452	0	0.49887594522787654
p = 14657
14547	373	39
7207	7340	0	0.49542861071011207
191	182	0	0.5120643431635389
p = 14669
14628	4876	3
7368	7260	0	0.5036915504511895
2526	2350	0	0.5180475799835931
p = 14683
14616	42	348
7354	7262	0	0.5031472359058566
20	22	0	0.47619047619047616
p = 14699
14865	4955	3
7437	7428	0	0.5003027245206861
2503	2452	0	0.505146316851665
p = 14713
14490	483	30
7268	7222	2	0.5015873015873016
225	258	0	0.4658385093167702
p = 14717
14688	306	48
7324	7364	2	0.49863834422657954
161	145	0	0.5261437908496732
p = 14723
14838	4946	3
7423	7415	2	0.5002695781102574
2523	2423	0	0.5101091791346543
p = 14731
14742	819	18
7321	7421	2	0.49660832994166326
387	432	2	0.4725274725274725
p = 14737
14931	1659	9
7453	7478	2	0.49916281561851183
825	834	0	0.4972875226039783
p = 14741
14697	1633	9
7421	7276	2	0.5049329795196299
825	808	0	0.5052051439069197
p = 14747
14688	1224	12
7309	7379	2	0.4976171023965142
610	614	0	0.49836601307189543
p = 14753
14868	4956	3
7408	7460	0	0.49825127791229484
2458	2498	0	0.49596448748991123
p = 14759
14583	4861	3
7359	7224	0	0.5046286772269081
2375	2486	0	0.4885825961736268
p = 14767
14688	816	18
7273	7415	2	0.4951661220043573
385	431	0	0.47181372549019607
p = 14771
14982	4994	3
7545	7437	0	0.5036043251902282
2543	2451	0	0.5092110532639167
p = 14779
14841	291	51
7351	7490	2	0.49531702715450443
127	164	0	0.436426116838488
p = 14783
14781	4927	3
7351	7430	2	0.49732765036195115
2499	2428	2	0.5072051958595494
p = 14797
14760	410	36
7413	7347	2	0.5022357723577235
207	203	0	0.5048780487804878
p = 14813
14634	542	27
7352	7282	2	0.5023916905835725
272	270	0	0.5018450184501845
p = 14821
14787	4929	3
7471	7316	0	0.5052410901467506
2457	2472	0	0.4984783931832015
p = 14827
14967	4989	3
7547	7420	0	0.5042426672011759
2559	2430	0	0.5129284425736621
p = 14831
14775	4925	3
7427	7348	2	0.502673434856176
2415	2510	2	0.4903553299492386
p = 14843
14904	1242	12
7494	7410	0	0.5028180354267311
567	675	0	0.45652173913043476
p = 14851
15057	5019	3
7459	7598	2	0.4953842066812778
2491	2528	0	0.4963140067742578
p = 14867
15111	1679	9
7637	7474	0	0.505393422010456
855	824	0	0.5092316855270994
p = 14869
14976	16	936
7485	7491	0	0.49979967948717946
1	15	0	0.0625
p = 14879
14940	4980	3
7462	7478	2	0.4994645247657296
2524	2456	2	0.5068273092369477
p = 14887
14976	4992	3
7562	7414	2	0.5049412393162394
2528	2464	0	0.5064102564102564
p = 14891
14850	2475	6
7462	7388	2	0.5024915824915825
1275	1200	0	0.5151515151515151
p = 14897
14802	2467	6
7404	7398	0	0.5002026753141467
1231	1236	0	0.4989866234292663
p = 14923
14742	91	162
7464	7278	2	0.5063085063085063
47	44	0	0.5164835164835165
p = 14929
15030	2505	6
7508	7522	2	0.49953426480372587
1275	1230	2	0.5089820359281437
p = 14939
15066	186	81
7516	7550	0	0.4988716314881189
100	86	0	0.5376344086021505
p = 14947
15075	5025	3
7503	7572	0	0.49771144278606966
2563	2462	0	0.510049751243781
p = 14951
14748	2458	6
7300	7448	0	0.49498237049091404
1224	1234	0	0.4979658258746949
p = 14957
15171	5057	3
7491	7680	0	0.493771010480522
2577	2480	0	0.5095906664030058
p = 14969
14832	2472	6
7448	7384	2	0.5021574973031284
1279	1193	0	0.5173948220064725
p = 14983
14814	2469	6
7473	7341	2	0.5044552450384772
1257	1212	2	0.5091130012150669
p = 15013
14922	2487	6
7530	7392	0	0.5046240450341777
1249	1238	0	0.5022114997989545
p = 15017
14940	996	15
7563	7377	0	0.5062248995983936
501	495	0	0.5030120481927711
p = 15031
14940	2490	6
7414	7526	0	0.4962516733601071
1249	1241	0	0.5016064257028112
p = 15053
14820	2470	6
7366	7454	2	0.4970310391363023
1248	1222	0	0.5052631578947369
p = 15061
15291	5097	3
7559	7732	0	0.4943430776273625
2469	2628	0	0.48440258975868156
p = 15073
15093	1677	9
7565	7528	2	0.5012257337838734
869	808	0	0.5181872391174717
p = 15077
15225	725	21
7673	7552	2	0.5039737274220033
353	372	0	0.4868965517241379
p = 15083
15180	2530	6
7508	7672	0	0.4945981554677207
1249	1281	0	0.4936758893280632
p = 15091
14994	4998	3
7539	7455	2	0.5028011204481793
2573	2425	0	0.5148059223689476
p = 15101
15252	5084	3
7714	7538	2	0.505769735116706
2502	2582	2	0.49213217938631
p = 15107
15042	23	654
7485	7557	2	0.4976067012365377
19	4	0	0.8260869565217391
p = 15121
15093	1677	9
7435	7658	0	0.4926124693566554
813	864	0	0.4847942754919499
p = 15131
15120	2520	6
7528	7592	2	0.4978835978835979
1304	1216	0	0.5174603174603175
p = 15137
15231	5077	3
7653	7578	0	0.5024620839078195
2513	2564	0	0.49497734882804806
p = 15139
14940	2490	6
7479	7461	2	0.5006024096385542
1207	1283	0	0.4847389558232932
p = 15149
15270	2545	6
7520	7750	2	0.49246889325474785
1255	1290	0	0.4931237721021611
p = 15161
15177	5059	3
7585	7592	2	0.49976938788956976
2539	2520	2	0.5018778414706464
p = 15173
14952	4984	3
7470	7482	0	0.4995987158908507
2458	2526	0	0.4931781701444623
p = 15187
15048	418	36
7636	7412	0	0.5074428495481127
221	197	0	0.5287081339712919
p = 15193
15030	5010	3
7454	7576	2	0.4959414504324684
2476	2534	0	0.4942115768463074
p = 15199
15264	1272	12
7713	7551	2	0.5053066037735849
612	660	0	0.4811320754716981
p = 15217
15282	849	18
7561	7721	2	0.4947650831043057
417	432	0	0.4911660777385159
p = 15227
15396	5132	3
7695	7701	2	0.49980514419329697
2551	2581	0	0.4970771628994544
p = 15233
15150	2525	6
7543	7607	2	0.4978877887788779
1283	1242	0	0.5081188118811881
p = 15241
15309	5103	3
7629	7680	0	0.49833431314912796
2547	2556	0	0.4991181657848324
p = 15259
15300	5100	3
7676	7624	2	0.5016993464052287
2588	2512	0	0.5074509803921569
p = 15263
15087	5029	3
7517	7570	0	0.4982435209120435
2555	2474	0	0.5080532909127063
p = 15269
15390	5130	3
7588	7802	2	0.4930474333983106
2520	2610	0	0.49122807017543857
p = 15271
15255	1695	9
7631	7624	2	0.5002294329727958
841	854	0	0.49616519174041296
p = 15277
15444	1716	9
7776	7668	0	0.5034965034965035
852	864	0	0.4965034965034965
p = 15287
15375	5125	3
7703	7672	0	0.5010081300813009
2619	2506	0	0.5110243902439024
p = 15289
15219	5073	3
7695	7524	2	0.5056179775280899
2635	2438	0	0.5194165188251527
p = 15299
15492	2582	6
7796	7696	0	0.5032274722437386
1296	1286	0	0.5019364833462432
p = 15307
15282	283	54
7675	7607	0	0.5022248396806701
133	150	0	0.46996466431095407
p = 15313
15408	1284	12
7819	7589	0	0.507463655244029
654	630	0	0.5093457943925234
p = 15319
15462	5154	3
7666	7796	0	0.4957961453886949
2588	2566	0	0.5021342646488165
p = 15329
15360	1280	12
7746	7614	2	0.504296875
609	671	0	0.47578125
p = 15331
15381	5127	3
7703	7678	2	0.5008126909823809
2521	2606	0	0.49171055197971525
p = 15349
15300	204	75
7732	7568	2	0.505359477124183
114	90	0	0.5588235294117647
p = 15359
15330	5110	3
7651	7679	2	0.4990867579908676
2507	2603	2	0.4906066536203523
p = 15361
15372	366	42
7754	7618	2	0.504423627374447
178	188	0	0.48633879781420764
p = 15373
15300	850	18
7563	7737	0	0.4943137254901961
441	409	0	0.5188235294117647
p = 15377
15552	648	24
7818	7734	2	0.5027006172839507
306	342	0	0.4722222222222222
p = 15383
15210	5070	3
7582	7628	2	0.49848783694937543
2508	2562	0	0.49467455621301776
p = 15391
15282	1698	9
7542	7740	0	0.49352179034157834
796	902	0	0.46878680800942285
p = 15401
15558	5186	3
7805	7753	0	0.5016711659596349
2631	2555	0	0.5073274199768608
p = 15413
15465	5155	3
7827	7638	0	0.5061105722599418
2565	2590	0	0.49757516973811833
p = 15427
15588	1732	9
7721	7867	2	0.4953169104439312
841	891	0	0.4855658198614319
p = 15439
15228	94	162
7639	7589	2	0.5016417126346204
46	48	0	0.48936170212765956
p = 15443
15390	855	18
7761	7629	0	0.5042884990253411
421	434	0	0.49239766081871345
p = 15451
15417	571	27
7771	7646	0	0.5040539664007264
269	302	0	0.4711033274956217
p = 15461
15531	5177	3
7709	7822	2	0.496362114480716
2585	2592	0	0.4993239327796021
p = 15467
15486	5162	3
7678	7808	2	0.49580266046751903
2542	2620	0	0.4924447888415343
p = 15473
15624	186	84
7713	7911	0	0.4936635944700461
84	102	0	0.45161290322580644
p = 15493
15660	522	30
7889	7771	0	0.5037675606641124
244	278	0	0.4674329501915709
p = 15497
15381	1709	9
7807	7574	2	0.5075742799557896
865	844	0	0.5061439438267993
p = 15511
15552	192	81
7869	7683	0	0.5059799382716049
95	97	0	0.4947916666666667
p = 15527
15396	1283	12
7671	7725	2	0.49824629773967266
609	674	2	0.47466874512860485
p = 15541
15453	5151	3
7695	7758	0	0.4979615608619686
2605	2546	0	0.5057270432925646
p = 15551
15492	2582	6
7846	7646	2	0.5064549444874774
1260	1322	0	0.487993803253292
p = 15559
15498	861	18
7649	7849	0	0.4935475545231643
427	434	0	0.4959349593495935
p = 15569
15480	860	18
7783	7697	2	0.5027777777777778
411	449	0	0.47790697674418603
p = 15581
15621	5207	3
7747	7874	2	0.4959349593495935
2533	2674	2	0.48646053389667754
p = 15583
15552	144	108
7679	7873	2	0.4937628600823045
78	66	0	0.5416666666666666
p = 15601
15714	873	18
7838	7876	2	0.4987908871070383
463	410	2	0.5303550973654066
p = 15607
15507	5169	3
7777	7730	0	0.5015154446379054
2553	2616	0	0.493905977945444
p = 15619
15480	645	24
7823	7657	2	0.5053617571059431
319	326	0	0.4945736434108527
p = 15629
15516	1293	12
7821	7695	0	0.5040603248259861
697	596	0	0.5390564578499614
p = 15641
15393	5131	3
7655	7738	0	0.4973039693367115
2581	2550	0	0.503020853634769
p = 15643
15876	63	252
7898	7978	2	0.4974804736709499
33	30	0	0.5238095238095238
p = 15647
15696	2616	6
7836	7860	0	0.49923547400611623
1334	1282	0	0.5099388379204893
p = 15649
15561	399	39
7847	7714	0	0.5042735042735043
237	162	0	0.5939849624060151
p = 15661
15804	2634	6
7784	8020	2	0.49253353581371806
1323	1311	0	0.5022779043280182
p = 15667
15660	2610	6
7937	7723	2	0.5068326947637293
1276	1334	0	0.4888888888888889
p = 15671
15609	5203	3
7771	7838	2	0.4978538022935486
2573	2630	0	0.4945223909283106
p = 15679
15876	294	54
7911	7965	2	0.49829931972789115
147	147	0	0.5
p = 15683
15855	5285	3
8001	7854	2	0.5046357615894039
2725	2560	2	0.5156102175969726
p = 15727
15714	582	27
7850	7864	0	0.49955453735522465
278	304	0	0.47766323024054985
p = 15731
15882	2647	6
7903	7979	0	0.4976073542375016
1319	1328	0	0.4982999622213827
p = 15733
15705	5235	3
7909	7796	2	0.5035975803884113
2655	2580	0	0.5071633237822349
p = 15737
15960	1064	15
7907	8053	2	0.49542606516290727
527	537	0	0.49530075187969924
p = 15739
15768	1752	9
7826	7942	2	0.4963216641298833
880	872	0	0.502283105022831
p = 15749
15948	886	18
7957	7991	0	0.49893403561575117
456	430	0	0.5146726862302483
p = 15761
15786	5262	3
7777	8009	0	0.49265171671100977
2555	2707	0	0.4855568225009502
p = 15767
15888	662	24
7956	7932	0	0.5007552870090635
333	329	0	0.5030211480362538
p = 15773
15732	5244	3
7850	7882	0	0.4989829646580219
2666	2578	0	0.5083905415713196
p = 15787
15543	5181	3
7893	7650	0	0.5078170237405906
2583	2598	0	0.49855240301100173
p = 15791
15609	5203	3
7797	7812	0	0.4995195079761676
2595	2608	0	0.4987507207380357
p = 15797
15879	5293	3
7871	8008	0	0.49568612633037346
2595	2698	0	0.49027016814660873
p = 15803
15978	5326	3
8073	7905	0	0.505257228689448
2673	2653	0	0.5018775816748029
p = 15809
15675	5225	3
7859	7816	2	0.501371610845295
2641	2584	0	0.5054545454545455
p = 15817
15705	5235	3
7759	7946	0	0.49404648201209805
2513	2722	0	0.48003820439350525
p = 15823
15840	5280	3
7867	7973	0	0.49665404040404043
2619	2661	0	0.4960227272727273
p = 15859
16083	1787	9
8083	8000	2	0.5025803643598831
887	900	0	0.49636261891438166
p = 15877
15876	441	36
7967	7909	0	0.5018266565885614
227	214	0	0.5147392290249433
p = 15881
15732	2622	6
7823	7909	0	0.49726671751843377
1324	1298	0	0.5049580472921434
p = 15887
15660	5220	3
7757	7903	0	0.495338441890166
2563	2657	0	0.4909961685823755
p = 15889
15930	295	54
7994	7936	2	0.501820464532329
147	148	0	0.49830508474576274
p = 15901
15795	1053	15
7883	7912	0	0.4990819879708769
539	514	0	0.5118708452041786
p = 15907
16002	2667	6
7991	8011	2	0.49937507811523557
1365	1302	0	0.5118110236220472
p = 15913
15741	583	27
7979	7762	0	0.5068928276475446
303	280	0	0.5197255574614065
p = 15919
16029	411	39
7991	8038	0	0.4985339072930314
209	202	0	0.5085158150851582
p = 15923
15753	5251	3
7987	7766	2	0.5070145369136038
2723	2528	0	0.5185678918301276
p = 15937
15750	5250	3
7961	7789	2	0.5054603174603175
2687	2563	2	0.5118095238095238
p = 15959
15999	5333	3
7963	8036	2	0.4977186074129633
2643	2690	0	0.495593474592162
p = 15971
16170	5390	3
8118	8052	2	0.5020408163265306
2642	2748	0	0.49016697588126157
p = 15973
16182	2697	6
8028	8154	0	0.4961067853170189
1347	1350	0	0.4994438264738598
p = 15991
16200	540	30
8065	8135	2	0.4978395061728395
279	261	0	0.5166666666666667
p = 16001
15975	1775	9
7995	7980	0	0.5004694835680751
875	900	0	0.49295774647887325
p = 16007
16191	5397	3
7981	8210	2	0.49292816997097155
2681	2716	0	0.496757457846952
p = 16033
15930	295	54
7894	8036	2	0.49554300062774637
157	138	0	0.5322033898305085
p = 16057
16056	446	36
8010	8046	2	0.49887892376681614
226	220	0	0.5067264573991032
p = 16061
15927	5309	3
7877	8050	0	0.4945689709298675
2629	2680	0	0.4951968355622528
p = 16063
15948	5316	3
7850	8098	0	0.49222473037371456
2552	2764	0	0.4800601956358164
p = 16067
15906	5302	3
7941	7965	0	0.499245567710298
2639	2663	0	0.497736703130894
p = 16069
16236	1353	12
8205	8031	0	0.5053584626755359
677	676	0	0.500369549150037
p = 16073
16254	602	27
8068	8186	0	0.49637012427710103
282	320	0	0.4684385382059801
p = 16087
15957	591	27
7927	8030	0	0.49677257629880306
295	296	0	0.49915397631133673
p = 16091
16224	169	96
8131	8093	2	0.5011711045364892
101	68	0	0.5976331360946746
p = 16097
16224	2704	6
8144	8080	2	0.5019723865877712
1362	1342	0	0.503698224852071
p = 16103
15975	5325	3
7911	8064	2	0.4952112676056338
2567	2758	2	0.48206572769953054
p = 16111
16065	1785	9
8093	7972	0	0.5037659508247744
919	866	0	0.5148459383753501
p = 16127
16281	201	81
8045	8236	2	0.49413426693692036
103	98	0	0.5124378109452736
p = 16139
16074	5358	3
8028	8046	2	0.49944008958566627
2734	2624	0	0.5102650242627846
p = 16141
16110	5370	3
8078	8032	2	0.5014276846679081
2630	2740	0	0.4897579143389199
p = 16183
16146	1794	9
8067	8079	2	0.49962839093273875
947	847	2	0.5278706800445931
p = 16187
16035	5345	3
8097	7938	2	0.5049579045837231
2683	2662	0	0.5019644527595885
p = 16189
16146	897	18
8090	8056	0	0.5010528923572402
461	436	0	0.5139353400222966
p = 16193
15978	2663	6
7972	8006	2	0.498936037050945
1313	1350	0	0.49305294780322945
p = 16217
16431	5477	3
8151	8280	0	0.49607449333576775
2725	2752	0	0.4975351469782728
p = 16223
15990	533	30
8031	7959	0	0.5022514071294559
285	248	0	0.5347091932457786
p = 16229
16308	1359	12
8102	8206	2	0.49681138091734117
671	688	0	0.49374540103016923
p = 16231
16200	600	27
8081	8119	2	0.49882716049382714
285	315	0	0.475
p = 16249
16389	5463	3
8151	8238	0	0.4973457807065715
2743	2720	0	0.5021050704740985
p = 16253
16443	1827	9
8245	8198	2	0.5014291795900991
885	942	0	0.48440065681444994
p = 16267
16200	216	75
8126	8074	2	0.5016049382716049
102	114	0	0.4722222222222222
p = 16273
16092	894	18
8063	8029	2	0.5010564255530698
449	445	0	0.5022371364653244
p = 16301
16347	5449	3
8083	8264	2	0.49446381599070166
2675	2774	0	0.4909157643604331
p = 16319
16374	5458	3
8148	8226	2	0.4976181751557347
2668	2790	0	0.48882374496152436
p = 16333
16371	5457	3
8215	8156	2	0.5018019668926761
2677	2780	2	0.4905625801722558
p = 16339
16416	912	18
8099	8317	2	0.4933601364522417
463	449	0	0.5076754385964912
p = 16349
16206	2701	6
8038	8168	2	0.4959891398247563
1365	1336	0	0.5053683820807109
p = 16361
16422	5474	3
8233	8189	2	0.5013396663013031
2805	2669	0	0.5124223602484472
p = 16363
16569	5523	3
8341	8228	2	0.503409982497435
2773	2750	0	0.5020822017019736
p = 16369
16254	129	126
8180	8074	2	0.5032607358188753
61	68	0	0.4728682170542636
p = 16381
16515	1835	9
8183	8332	0	0.4954889494399031
963	872	0	0.5247956403269755
p = 16411
16290	2715	6
8214	8076	2	0.5042357274401473
1379	1336	0	0.5079189686924493
p = 16417
16623	5541	3
8195	8428	0	0.4929916380918005
2751	2790	0	0.4964807796426638
p = 16421
16509	5503	3
8151	8358	0	0.49373069234962746
2729	2774	0	0.4959113210975831
p = 16427
16356	2726	6
8273	8083	2	0.5058082660797261
1380	1346	0	0.5062362435803375
p = 16433
16374	5458	3
8070	8304	0	0.4928545254672041
2632	2826	0	0.48222792231586664
p = 16447
16425	75	219
8123	8302	0	0.4945509893455099
33	42	0	0.44
p = 16451
16632	924	18
8419	8213	2	0.5061928811928812
525	399	0	0.5681818181818182
p = 16453
16650	2775	6
8293	8357	2	0.4980780780780781
1405	1370	0	0.5063063063063064
p = 16477
16560	2760	6
8186	8374	0	0.49432367149758455
1370	1390	0	0.4963768115942029
p = 16481
16425	5475	3
8281	8144	0	0.5041704718417047
2735	2740	0	0.4995433789954338
p = 16487
16620	277	60
8223	8397	0	0.4947653429602888
121	156	0	0.4368231046931408
p = 16493
16428	2738	6
8125	8303	2	0.49458242025809596
1365	1373	0	0.4985390796201607
p = 16519
16326	5442	3
8093	8233	2	0.4957123606517212
2699	2743	0	0.49595736861448
p = 16529
16398	5466	3
8258	8140	0	0.5035979997560678
2776	2690	0	0.5078668130259788
p = 16547
16761	5587	3
8429	8332	0	0.5028936220989201
2853	2734	0	0.5106497225702523
p = 16553
16563	5521	3
8197	8366	0	0.4948982672221216
2803	2718	0	0.5076978808186923
p = 16561
16380	1820	9
8095	8285	0	0.4942002442002442
827	993	0	0.4543956043956044
p = 16567
16560	1380	12
8265	8295	2	0.4990942028985507
719	661	0	0.5210144927536232
p = 16573
16515	5505	3
8285	8230	0	0.501665152891311
2781	2724	0	0.5051771117166213
p = 16603
16632	2772	6
8323	8309	0	0.5004208754208754
1377	1395	0	0.4967532467532468
p = 16607
16596	1383	12
8214	8382	0	0.49493853940708604
705	678	0	0.5097613882863341
p = 16619
16428	2738	6
8342	8086	2	0.5077915753591429
1438	1300	0	0.5252008765522279
p = 16631
16515	1835	9
8355	8160	0	0.5059037238873751
953	882	0	0.5193460490463215
p = 16633
16785	1865	9
8429	8356	2	0.5021745606196009
941	924	0	0.5045576407506702
p = 16649
16671	5557	3
8327	8344	0	0.499490132565533
2779	2778	0	0.5000899766060825
p = 16651
16650	5550	3
8384	8266	2	0.5035435435435436
2834	2716	2	0.5106306306306306
p = 16657
16803	5601	3
8419	8384	0	0.5010414806879724
2781	2820	0	0.4965184788430637
p = 16661
16764	1397	12
8319	8445	0	0.4962419470293486
681	716	0	0.4874731567644954
p = 16673
16635	5545	3
8327	8308	0	0.5005710850616171
2827	2718	0	0.5098286744815149
p = 16691
16728	697	24
8459	8269	2	0.5056791009086562
377	320	0	0.5408895265423243
p = 16693
16830	187	90
8438	8392	2	0.5013666072489602
87	100	0	0.46524064171123
p = 16699
16560	120	138
8321	8239	2	0.5024758454106281
74	46	0	0.6166666666666667
p = 16703
16740	20	837
8450	8290	0	0.504778972520908
8	12	0	0.4
p = 16729
16632	616	27
8243	8389	0	0.4956108706108706
317	299	0	0.5146103896103896
p = 16741
16812	1401	12
8348	8464	2	0.496550083273852
711	690	0	0.5074946466809421
p = 16747
16632	1848	9
8308	8324	2	0.49951899951899953
970	878	0	0.5248917748917749
p = 16759
16551	1839	9
8383	8168	0	0.5064950758262341
895	944	0	0.4866775421424687
p = 16763
16848	702	24
8479	8369	2	0.5032644824311491
322	380	0	0.4586894586894587
p = 16787
16800	2800	6
8428	8372	2	0.5016666666666667
1434	1366	0	0.5121428571428571
p = 16811
16716	5572	3
8309	8407	0	0.4970686767169179
2833	2739	0	0.508435032304379
p = 16823
16860	1405	12
8393	8467	0	0.49780545670225385
695	710	0	0.49466192170818507
p = 16829
16866	1874	9
8416	8450	2	0.4989920550219376
902	972	0	0.4813233724653148
p = 16831
16704	58	288
8288	8416	2	0.49616858237547895
20	38	0	0.3448275862068966
p = 16843
16767	1863	9
8511	8256	2	0.507604222580068
917	946	0	0.49221685453569514
p = 16871
17112	2852	6
8532	8580	2	0.49859747545582045
1374	1478	0	0.48176718092566617
p = 16879
16659	1851	9
8373	8286	2	0.5026112011525302
963	888	0	0.520259319286872
p = 16883
17064	474	36
8431	8633	2	0.49408110642287856
259	215	0	0.5464135021097046
p = 16889
16875	5625	3
8357	8518	0	0.49522962962962963
2791	2834	0	0.4961777777777778
p = 16901
16941	5647	3
8425	8516	0	0.49731420813411253
2863	2784	0	0.5069948645298389
p = 16903
17136	816	21
8637	8499	2	0.5040266106442577
393	423	0	0.48161764705882354
p = 16921
16821	623	27
8389	8432	2	0.4987218358004875
289	334	0	0.463884430176565
p = 16927
16893	5631	3
8321	8572	2	0.4925708873497899
2729	2902	2	0.4846386077073344
p = 16931
16977	5659	3
8453	8524	0	0.49790893561877836
2761	2898	0	0.4878953878777169
p = 16937
16986	2831	6
8485	8501	2	0.49952902390203696
1391	1440	0	0.49134581419992934
p = 16943
16845	5615	3
8503	8342	0	0.5047788661323835
2795	2820	0	0.4977738201246661
p = 16963
16884	2814	6
8460	8424	0	0.5010660980810234
1418	1396	0	0.503909026297086
p = 16979
17088	5696	3
8559	8529	0	0.500877808988764
2869	2827	0	0.503686797752809
p = 16981
16848	1872	9
8428	8420	2	0.5002374169040835
912	960	0	0.48717948717948717
p = 16987
17136	408	42
8663	8473	2	0.5055438842203548
215	193	0	0.5269607843137255
p = 16993
16893	5631	3
8433	8460	2	0.49920085242408097
2803	2828	2	0.49778014562244716
p = 17011
17172	477	36
8597	8575	2	0.5006405776846028
203	274	0	0.42557651991614254
p = 17021
17082	2847	6
8611	8471	2	0.5040978808102096
1437	1410	0	0.5047418335089568
p = 17027
16977	5659	3
8465	8512	0	0.49861577428285325
2905	2754	0	0.5133415797844142
p = 17029
17028	1892	9
8585	8443	2	0.5041696030068124
967	925	0	0.5110993657505285
p = 17033
17100	1425	12
8438	8662	0	0.4934502923976608
693	732	0	0.4863157894736842
p = 17041
16794	933	18
8457	8337	2	0.5035727045373347
459	474	0	0.4919614147909968
p = 17047
17019	5673	3
8443	8576	0	0.49609260238556907
2839	2834	0	0.5004406839414772
p = 17053
16911	5637	3
8407	8504	2	0.49713204423156526
2753	2884	2	0.4883803441546922
p = 17077
17019	5673	3
8601	8418	0	0.5053763440860215
2879	2794	0	0.507491627005112
p = 17093
16980	10	1698
8415	8565	0	0.495583038869258
8	2	0	0.8
p = 17099
16935	1129	15
8401	8534	2	0.49607322113965163
555	574	0	0.491585473870682
p = 17107
17064	948	18
8614	8450	0	0.5048054383497421
456	492	0	0.4810126582278481
p = 17117
17322	5774	3
8547	8775	0	0.4934187738136474
2869	2905	0	0.49688257706962247
p = 17123
17202	2867	6
8717	8485	0	0.5067434019300081
1399	1468	0	0.487966515521451
p = 17137
17361	643	27
8739	8622	2	0.5033696215655781
337	306	0	0.5241057542768274
p = 17159
17280	2880	6
8703	8577	0	0.5036458333333333
1495	1385	0	0.5190972222222222
p = 17167
17208	5736	3
8549	8659	0	0.4968038121803812
2883	2853	0	0.5026150627615062
p = 17183
17247	5749	3
8605	8642	2	0.49892734968400304
2813	2936	2	0.48930248738911114
p = 17189
17202	2867	6
8597	8605	0	0.49976746889896523
1449	1418	0	0.5054063480990583
p = 17191
17298	62	279
8594	8704	0	0.4968204416695572
36	26	0	0.5806451612903226
p = 17203
17064	948	18
8423	8641	2	0.4936122831692452
454	494	0	0.47890295358649787
p = 17207
17028	1892	9
8404	8624	2	0.4935400516795866
896	996	0	0.47357293868921774
p = 17209
17298	1922	9
8699	8599	0	0.5028905075731298
999	923	0	0.5197710718002081
p = 17231
17196	1433	12
8647	8549	2	0.5028494998836939
695	738	0	0.48499651081646894
p = 17239
17316	5772	3
8667	8649	2	0.5005197505197505
2837	2935	0	0.49151074151074153
p = 17257
17172	954	18
8656	8516	2	0.5040764034474726
501	453	0	0.5251572327044025
p = 17291
17214	2869	6
8649	8565	2	0.5024398745207389
1463	1406	0	0.5099337748344371
p = 17293
17208	2868	6
8609	8599	2	0.5002905625290562
1403	1465	0	0.4891910739191074
p = 17299
17460	582	30
8780	8680	0	0.5028636884306987
299	283	0	0.5137457044673539
p = 17317
17496	108	162
8679	8817	2	0.4960562414266118
57	51	0	0.5277777777777778
p = 17321
17421	5807	3
8661	8760	2	0.4971586016876184
2909	2898	0	0.5009471327707938
p = 17327
17310	2885	6
8711	8599	0	0.5032351242056615
1413	1472	0	0.4897746967071057
p = 17333
17136	1904	9
8633	8503	0	0.5037931839402428
949	955	0	0.49842436974789917
p = 17341
17505	5835	3
8817	8688	2	0.5036846615252785
2865	2970	0	0.4910025706940874
p = 17351
17115	1141	15
8497	8618	2	0.4964650891031259
565	576	0	0.49517966695880805
p = 17359
17298	2883	6
8620	8678	2	0.4983235056075847
1449	1434	0	0.5026014568158168
p = 17377
17550	975	18
8746	8804	0	0.49834757834757837
465	510	0	0.47692307692307695
p = 17383
17253	1917	9
8677	8576	0	0.5029270271836782
921	996	0	0.48043818466353677
p = 17387
17397	1933	9
8619	8778	0	0.4954302465942404
965	968	0	0.4992240041386446
p = 17389
17172	477	36
8515	8657	0	0.4958653622175635
219	258	0	0.4591194968553459
p = 17393
17640	1470	12
8859	8781	0	0.5022108843537415
715	755	0	0.48639455782312924
p = 17401
17640	210	84
8695	8945	0	0.4929138321995465
113	97	0	0.5380952380952381
p = 17417
17484	5828	3
8827	8657	2	0.5048615877373599
2989	2839	0	0.5128689087165408
p = 17419
17532	2922	6
8744	8788	0	0.49874515172256445
1414	1508	0	0.4839151266255989
p = 17431
17469	5823	3
8727	8742	0	0.49957066804052896
2893	2930	0	0.4968229434999141
p = 17443
17334	321	54
8595	8739	2	0.49584631360332293
163	158	0	0.5077881619937694
p = 17449
17424	48	363
8638	8786	0	0.495752984389348
34	14	0	0.7083333333333334
p = 17467
17505	5835	3
8693	8812	0	0.4966009711510997
2853	2982	0	0.48894601542416455
p = 17471
17493	5831	3
8671	8822	2	0.49568398788086665
2883	2948	2	0.49442634196535756
p = 17477
17493	5831	3
8637	8856	0	0.4937403532841708
2841	2990	0	0.4872234608128966
p = 17483
17430	581	30
8697	8733	0	0.4989672977624785
289	292	0	0.4974182444061962
p = 17489
17307	5769	3
8739	8568	0	0.5049401976079043
2897	2872	0	0.5021667533368002
p = 17491
17604	978	18
8836	8768	0	0.5019313792319927
492	486	0	0.5030674846625767
p = 17497
17703	1967	9
8843	8860	2	0.4995198553917415
975	992	2	0.4956786985256736
p = 17509
17469	1941	9
8769	8700	2	0.5019749270135669
953	988	0	0.4909840288511077
p = 17519
17280	720	24
8581	8699	2	0.49658564814814815
345	375	0	0.4791666666666667
p = 17539
17739	5913	3
8853	8886	2	0.49906984610180954
2969	2944	2	0.502113986132251
p = 17551
17505	5835	3
8805	8700	0	0.5029991431019709
3005	2830	0	0.5149957155098543
p = 17569
17496	162	108
8786	8710	0	0.5021719250114312
88	74	0	0.5432098765432098
p = 17573
17520	2920	6
8771	8749	0	0.5006278538812785
1415	1505	0	0.4845890410958904
p = 17579
17670	5890	3
8802	8868	0	0.49813242784380307
2946	2944	0	0.500169779286927
p = 17581
17640	1470	12
8883	8757	0	0.5035714285714286
765	705	0	0.5204081632653061
p = 17597
17367	5789	3
8673	8694	0	0.49939540507859737
2923	2866	0	0.5049231300742788
p = 17599
17559	5853	3
8845	8714	0	0.5037302807676974
2965	2888	0	0.5065778233384589
p = 17609
17682	5894	3
8911	8771	2	0.5039588281868567
2989	2905	2	0.5071258907363421
p = 17623
17487	5829	3
8659	8828	2	0.49516783896608907
2833	2996	0	0.4860181849373821
p = 17627
17436	2906	6
8707	8729	2	0.4993691213581097
1465	1441	0	0.5041293874741913
p = 17657
17913	5971	3
9081	8832	0	0.5069502595880087
3001	2970	0	0.5025958800870876
p = 17659
17514	834	21
8795	8719	2	0.5021696928171748
405	429	0	0.4856115107913669
p = 17669
17736	2956	6
8867	8869	0	0.49994361750112765
1503	1453	0	0.5084573748308525
p = 17681
17787	77	231
8955	8832	0	0.5034575813796593
35	42	0	0.45454545454545453
p = 17683
17901	1989	9
8953	8948	0	0.5001396570024021
961	1028	0	0.4831573655103067
p = 17707
17937	5979	3
8915	9022	0	0.49701733846239615
2911	3068	0	0.48687071416624855
p = 17713
17928	1992	9
8890	9038	2	0.49587237840249887
994	998	0	0.49899598393574296
p = 17729
17961	5987	3
8979	8982	0	0.49991648571905795
2965	3022	0	0.49523968598630363
p = 17737
17658	2943	6
8829	8829	0	0.5
1449	1494	0	0.4923547400611621
p = 17747
17628	2938	6
8892	8736	0	0.504424778761062
1468	1470	0	0.4996596324029952
p = 17749
17577	1953	9
8699	8878	2	0.49490811856403255
1027	926	0	0.525857654889913
p = 17761
17883	5961	3
8975	8908	0	0.5018732874797294
2935	3026	0	0.4923670525079685
p = 17783
18003	6001	3
8941	9062	2	0.49663944898072543
3045	2956	0	0.5074154307615397
p = 17789
17856	2976	6
8992	8864	0	0.503584229390681
1472	1504	0	0.4946236559139785
p = 17791
17739	657	27
8829	8910	0	0.4977168949771689
345	312	0	0.5251141552511416
p = 17807
17832	743	24
8802	9030	0	0.49360699865410496
359	384	0	0.4831763122476447
p = 17827
18018	6006	3
8927	9091	2	0.49544899544899546
3027	2979	0	0.503996003996004
p = 17837
17856	496	36
8848	9008	0	0.49551971326164873
228	268	0	0.4596774193548387
p = 17839
17658	981	18
8938	8720	2	0.5061728395061729
499	482	0	0.508664627930683
p = 17851
17757	5919	3
8939	8818	0	0.5034071070563721
3043	2876	0	0.5141071126879541
p = 17863
17712	48	369
8791	8921	2	0.49633017163504967
21	27	0	0.4375
p = 17881
17784	312	57
9008	8776	2	0.5065227170490328
154	158	0	0.4935897435897436
p = 17891
17784	988	18
8914	8870	0	0.5012370670265407
552	436	0	0.5587044534412956
p = 17903
18162	6054	3
9044	9118	2	0.49796277942957823
3038	3016	2	0.5018169805087546
p = 17909
18084	3014	6
9010	9074	2	0.4982304799823048
1542	1472	2	0.5116124751161247
p = 17911
17784	312	57
8855	8929	2	0.4979194781826361
151	161	0	0.483974358974359
p = 17921
17952	2992	6
9010	8942	2	0.5018939393939394
1462	1530	0	0.48863636363636365
p = 17923
18018	2002	9
8906	9112	0	0.4942834942834943
962	1040	0	0.4805194805194805
p = 17929
17865	5955	3
8921	8944	2	0.49935628323537645
3043	2912	2	0.5109991603694375
p = 17939
18084	1507	12
8992	9092	0	0.49723512497235123
755	752	0	0.5009953550099535
p = 17957
17940	2990	6
9012	8928	0	0.5023411371237458
1556	1434	0	0.5204013377926422
p = 17959
18135	6045	3
9123	9012	2	0.5030603804797353
3079	2966	2	0.5093465674110835
p = 17971
17937	5979	3
9081	8856	0	0.5062719518314099
2967	3012	0	0.49623682890115406
p = 17977
17991	5997	3
9107	8884	2	0.5061975432160525
2953	3044	0	0.4924128731032183
p = 17981
17979	461	39
8931	9048	0	0.4967462039045553
229	232	0	0.4967462039045553
p = 17987
17934	854	21
8978	8956	0	0.5006133600981376
410	444	0	0.48009367681498827
p = 17989
18108	3018	6
9173	8935	2	0.5065716810249613
1491	1527	0	0.49403578528827036
p = 18013
17820	270	66
9002	8818	2	0.5051627384960719
146	124	0	0.5407407407407407
p = 18041
17874	2979	6
9004	8870	0	0.5037484614523889
1515	1464	0	0.5085599194360524
p = 18043
18117	2013	9
9083	9034	2	0.5013523210244522
1031	982	0	0.5121708892200696
p = 18047
17952	5984	3
8981	8971	2	0.5002785204991087
3049	2935	0	0.5095254010695187
p = 18049
17964	1996	9
8899	9065	2	0.4953796481852594
1027	969	2	0.5145290581162325
p = 18059
18120	1510	12
9042	9078	0	0.4990066225165563
727	783	0	0.4814569536423841
p = 18061
18225	135	135
9059	9166	2	0.4970644718792867
73	62	0	0.5407407407407407
p = 18077
17916	1493	12
8962	8954	2	0.5002232641214557
747	746	0	0.5003348961821835
p = 18089
18180	1010	18
9208	8972	0	0.5064906490649065
504	506	0	0.499009900990099
p = 18097
17955	665	27
9013	8942	0	0.5019771651350599
339	326	0	0.5097744360902255
p = 18119
18063	6021	3
9099	8964	2	0.5037369207772795
3001	3020	0	0.4984221890051486
p = 18121
18090	1206	15
8960	9130	0	0.4953012714206744
572	634	0	0.47429519071310117
p = 18127
18243	6081	3
9065	9178	2	0.4969029216685852
2965	3116	0	0.48758427890149647
p = 18131
18084	274	66
9110	8974	2	0.5037602300376023
156	118	0	0.5693430656934306
p = 18133
17964	2994	6
8908	9056	0	0.4958806501892674
1518	1476	0	0.5070140280561122
p = 18143
18297	2033	9
9171	9126	0	0.5012297097884899
1075	958	0	0.528775209050664
p = 18149
18297	6099	3
9145	9152	0	0.4998087118106794
3133	2966	0	0.5136907689785211
p = 18169
18009	6003	3
8933	9076	2	0.4960297628963296
3023	2980	2	0.5035815425620523
p = 18181
18396	3066	6
9110	9286	2	0.49521635138073494
1497	1569	0	0.4882583170254403
p = 18191
18048	376	48
8945	9103	2	0.49562278368794327
183	193	0	0.4867021276595745
p = 18199
18234	1013	18
9143	9091	2	0.5014259076450587
477	536	2	0.47087857847976305
p = 18211
18225	2025	9
9193	9032	0	0.5044170096021948
1033	992	0	0.5101234567901235
p = 18217
18162	6054	3
9167	8995	0	0.5047351613258452
3073	2981	0	0.507598282127519
p = 18223
18261	6087	3
9117	9144	2	0.4992607195662888
3053	3034	2	0.5015607031378347
p = 18229
18063	223	81
8989	9074	0	0.49764712395504623
111	112	0	0.4977578475336323
p = 18233
18321	6107	3
9069	9252	0	0.4950057311282135
3073	3034	0	0.5031930571475356
p = 18251
18114	3019	6
9021	9093	2	0.498012586949321
1519	1500	2	0.5031467373302418
p = 18253
18288	1524	12
9170	9118	2	0.501421697287839
747	777	0	0.49015748031496065
p = 18257
18318	6106	3
9254	9064	2	0.5051861556938531
3150	2956	0	0.5158860137569604
p = 18269
18144	504	36
8984	9160	2	0.49514991181657847
240	264	0	0.47619047619047616
p = 18287
18309	6103	3
9243	9066	2	0.5048336883499918
3119	2984	2	0.5110601343601507
p = 18289
18324	2036	9
9052	9272	0	0.49399694389871207
974	1062	0	0.47838899803536344
p = 18301
18342	6114	3
9121	9221	0	0.497274015919747
3077	3037	0	0.5032711808963035
p = 18307
18432	1024	18
9259	9173	2	0.5023328993055556
513	511	0	0.5009765625
p = 18311
18192	3032	6
9069	9123	2	0.49851583113456466
1471	1561	0	0.48515831134564646
p = 18313
18315	6105	3
9223	9092	2	0.5035763035763036
3073	3032	2	0.5033579033579033
p = 18329
18339	6113	3
9235	9104	2	0.5035716233164295
3117	2996	2	0.509896940945526
p = 18341
18396	511	36
9288	9108	0	0.5048923679060665
287	224	0	0.5616438356164384
p = 18353
18213	467	39
9009	9204	2	0.49464668094218417
215	252	0	0.4603854389721627
p = 18367
18198	3033	6
9024	9174	2	0.4958786679854929
1489	1544	0	0.4909330695680844
p = 18371
18612	1551	12
9297	9315	2	0.4995164410058027
759	792	0	0.48936170212765956
p = 18379
18216	1518	12
9021	9195	2	0.4952239789196311
819	699	0	0.5395256916996047
p = 18397
18225	2025	9
9015	9210	0	0.49465020576131685
1005	1020	0	0.4962962962962963
p = 18401
18387	6129	3
9171	9216	0	0.4987763093489966
3023	3106	0	0.4932289117311144
p = 18413
18480	40	462
9226	9254	2	0.49924242424242427
26	14	0	0.65
p = 18427
18378	6126	3
9200	9178	2	0.5005985417346828
3150	2976	0	0.5142017629774731
p = 18433
18585	6195	3
9377	9208	0	0.5045466774280334
3083	3112	0	0.4976594027441485
p = 18439
18441	6147	3
9125	9316	2	0.49482132205411855
3033	3114	0	0.493411420204978
p = 18443
18363	6121	3
9125	9238	0	0.4969231607035887
2993	3128	0	0.4889723901323313
p = 18451
18576	2064	9
9303	9273	0	0.5008074935400517
1051	1013	0	0.5092054263565892
p = 18457
18378	3063	6
9293	9085	2	0.5056589400370007
1563	1500	0	0.5102840352595495
p = 18461
18300	6100	3
9201	9099	2	0.5027868852459016
3047	3053	0	0.49950819672131147
p = 18481
18639	6213	3
9367	9272	0	0.5025484199796126
3121	3092	0	0.5023338161918558
p = 18493
18720	6240	3
9380	9340	0	0.5010683760683761
3198	3042	0	0.5125
p = 18503
18258	3043	6
9165	9093	2	0.5019717384160368
1503	1540	0	0.4939204732172198
p = 18517
18495	1233	15
9301	9194	2	0.5028926736955934
627	606	0	0.5085158150851582
p = 18521
18288	508	36
9100	9188	2	0.49759405074365703
249	259	0	0.49015748031496065
p = 18523
18711	2079	9
9379	9332	2	0.5012559457003901
1017	1062	0	0.48917748917748916
p = 18539
18624	1552	12
9219	9405	2	0.4950064432989691
743	809	0	0.4787371134020619
p = 18541
18558	6186	3
9224	9334	2	0.4970363185688113
3052	3134	2	0.49337213061752344
p = 18553
18468	36	513
9139	9329	0	0.4948559670781893
21	15	0	0.5833333333333334
p = 18583
18576	688	27
9254	9322	2	0.4981696813092162
332	356	0	0.48255813953488375
p = 18587
18642	3107	6
9400	9242	2	0.5042377427314666
1547	1560	0	0.497907949790795
p = 18593
18378	2042	9
9295	9083	2	0.505767765806943
1015	1027	0	0.4970617042115573
p = 18617
18366	6122	3
9130	9236	0	0.497114232821518
3042	3080	0	0.4968964390721986
p = 18637
18666	3111	6
9379	9287	0	0.5024643737276331
1563	1548	0	0.502410800385728
p = 18661
18792	2088	9
9332	9460	0	0.49659429544487016
1036	1052	0	0.49616858237547895
p = 18671
18504	1542	12
9309	9195	2	0.5030804150453956
799	743	0	0.5181582360570688
p = 18679
18810	3135	6
9478	9332	0	0.5038809144072302
1559	1576	0	0.49728867623604467
p = 18691
18684	519	36
9347	9337	2	0.5002676086491116
257	262	0	0.4951830443159923
p = 18701
18732	6244	3
9384	9348	0	0.5009609224855862
3092	3152	0	0.4951953875720692
p = 18713
18624	1552	12
9272	9352	2	0.49785223367697595
768	784	2	0.4948453608247423
p = 18719
18540	515	36
9221	9319	2	0.49735706580366773
247	268	0	0.4796116504854369
p = 18731
18744	22	852
9499	9245	2	0.5067755014938113
9	13	0	0.4090909090909091
p = 18743
18744	781	24
9451	9293	2	0.5042146820315835
413	368	0	0.528809218950064
p = 18749
18729	6243	3
9383	9346	2	0.5009877729723957
3157	3086	0	0.5056863687329809
p = 18757
18567	6189	3
9357	9210	0	0.5039586362901923
3085	3104	0	0.498465018581354
p = 18773
18864	262	72
9358	9506	2	0.4960771840542833
145	117	0	0.5534351145038168
p = 18787
18972	3162	6
9501	9471	2	0.5007906388361796
1549	1613	0	0.4898798228969007
p = 18793
18882	6294	3
9440	9442	2	0.49994703950852665
3224	3070	0	0.5122338735303463
p = 18797
18756	3126	6
9348	9408	2	0.4984005118362124
1512	1614	0	0.4836852207293666
p = 18803
18870	3145	6
9306	9564	0	0.4931637519872814
1505	1640	0	0.4785373608903021
p = 18839
18750	6250	3
9289	9461	2	0.4954133333333333
3041	3209	0	0.48656
p = 18859
19089	2121	9
9611	9478	0	0.5034836817015035
1065	1056	0	0.5021216407355021
p = 18869
18762	6254	3
9460	9302	2	0.5042106385246775
3216	3038	0	0.5142308922289734
p = 18899
19152	1064	18
9566	9586	0	0.4994778613199666
523	541	0	0.49154135338345867
p = 18911
18702	3117	6
9401	9301	0	0.5026735108544541
1573	1544	0	0.50465190888675
p = 18913
18792	6264	3
9484	9308	0	0.5046828437633035
3150	3114	0	0.5028735632183908
p = 18917
18831	6277	3
9321	9510	2	0.49498167914608887
3117	3160	0	0.49657479687748923
p = 18919
18990	6330	3
9416	9574	2	0.49583991574512903
3142	3188	2	0.49636650868878357
p = 18947
19011	6337	3
9619	9392	2	0.5059702277628741
3285	3052	0	0.5183840934195992
p = 18959
18735	6245	3
9315	9420	2	0.49719775820656525
3079	3166	0	0.49303442754203364
p = 18973
18918	6306	3
9422	9496	2	0.49804419071783484
3174	3132	0	0.5033301617507137
p = 18979
19152	1064	18
9575	9577	2	0.49994778613199664
491	573	0	0.46146616541353386
p = 19001
19071	6357	3
9447	9624	0	0.4953594462796917
3213	3144	0	0.5054270882491742
p = 19009
18792	116	162
9470	9322	2	0.5039378458918689
72	44	0	0.6206896551724138
p = 19013
18948	6316	3
9491	9457	0	0.5008971923158116
3223	3093	0	0.5102913236225459
p = 19031
19053	6351	3
9633	9420	0	0.5055896709179657
3193	3158	0	0.5027554715792788
p = 19037
18990	6330	3
9498	9492	0	0.5001579778830963
3104	3226	0	0.4903633491311216
p = 19051
18864	1572	12
9443	9421	2	0.5005831212892281
759	813	0	0.48282442748091603
p = 19069
18873	2097	9
9515	9358	0	0.504159381126477
1069	1028	0	0.5097758702908918
p = 19073
18912	3152	6
9327	9585	0	0.4931789340101523
1593	1559	0	0.5053934010152284
p = 19079
19182	3197	6
9587	9595	0	0.4997914711708894
1663	1534	0	0.5201751642164529
p = 19081
19062	1059	18
9605	9457	2	0.5038820690378764
533	526	0	0.5033050047214354
p = 19087
19188	123	156
9710	9478	0	0.5060454450698353
85	38	0	0.6910569105691057
p = 19121
19140	6380	3
9491	9649	2	0.4958725182863114
3221	3159	2	0.504858934169279
p = 19139
18984	904	21
9371	9613	2	0.49362621154656555
445	459	0	0.4922566371681416
p = 19141
19062	1059	18
9542	9520	2	0.5005770643164411
541	518	0	0.5108593012275732
p = 19157
19125	6375	3
9559	9566	2	0.4998169934640523
3175	3200	0	0.4980392156862745
p = 19163
19278	918	21
9659	9619	0	0.5010374520178442
453	465	0	0.4934640522875817
p = 19181
19320	1610	12
9594	9726	0	0.496583850931677
780	830	0	0.484472049689441
p = 19183
19314	3219	6
9695	9619	0	0.5019674847261054
1655	1564	0	0.5141348244796521
p = 19207
19062	2118	9
9600	9462	2	0.5036197670758578
1032	1086	0	0.48725212464589235
p = 19211
19392	3232	6
9625	9767	2	0.49633869636963696
1556	1676	0	0.4814356435643564
p = 19213
19260	1284	15
9634	9626	0	0.5002076843198339
598	686	0	0.4657320872274143
p = 19219
19269	6423	3
9625	9644	2	0.49950698012351447
3229	3194	2	0.5027245835279465
p = 19231
19368	807	24
9777	9591	2	0.5048017348203222
411	396	0	0.5092936802973977
p = 19237
19305	2145	9
9737	9568	2	0.5043771043771044
1071	1074	0	0.4993006993006993
p = 19249
19350	645	30
9623	9727	2	0.497312661498708
327	318	0	0.5069767441860465
p = 19259
19194	3199	6
9591	9603	2	0.4996874023132229
1575	1624	0	0.4923413566739606
p = 19267
19170	3195	6
9616	9554	2	0.5016171100678143
1593	1602	0	0.49859154929577465
p = 19273
19449	6483	3
9629	9820	2	0.4950897218365983
3175	3308	2	0.4897424032083912
p = 19289
19206	6402	3
9573	9633	2	0.49843798812870976
3211	3191	0	0.5015620118712902
p = 19301
19494	6498	3
9816	9678	2	0.5035395506309633
3202	3296	0	0.4927670052323792
p = 19309
19062	706	27
9593	9469	0	0.5032525443290315
363	343	0	0.5141643059490085
p = 19319
19236	1603	12
9566	9670	0	0.49729673528800167
801	802	0	0.49968808484092325
p = 19333
19440	720	27
9742	9698	0	0.5011316872427983
370	350	0	0.5138888888888888
p = 19373
19500	1625	12
9812	9688	2	0.5031794871794871
799	826	2	0.4916923076923077
p = 19379
19449	6483	3
9659	9790	2	0.49663221759473497
3205	3278	0	0.49436989048280117
p = 19381
19548	2172	9
9695	9853	2	0.4959586658481686
1051	1121	0	0.48388581952117865
p = 19387
19656	28	702
9887	9769	2	0.503001628001628
21	7	0	0.75
p = 19391
19452	1621	12
9598	9854	2	0.4934196997738022
763	858	0	0.47069710055521286
p = 19403
19395	2155	9
9709	9686	2	0.5005929363237948
1083	1072	0	0.5025522041763341
p = 19417
19656	91	216
9783	9873	0	0.4977106227106227
47	44	0	0.5164835164835165
p = 19421
19164	3194	6
9497	9667	0	0.49556460029221455
1580	1614	0	0.4946775203506575
p = 19423
19350	3225	6
9686	9664	2	0.5005684754521964
1681	1544	0	0.5212403100775194
p = 19427
19476	1623	12
9729	9747	0	0.49953789279112754
791	832	0	0.48736906962415283
p = 19429
19701	6567	3
9737	9964	2	0.49423887112329323
3215	3352	2	0.4895690574082534
p = 19433
19590	653	30
9675	9915	0	0.49387442572741197
323	330	0	0.4946401225114854
p = 19441
19413	2157	9
9803	9610	0	0.5049708957914799
1121	1036	0	0.5197032916087158
p = 19447
19332	1611	12
9691	9641	2	0.5012931926339748
847	764	0	0.5257603972687771
p = 19457
19614	6538	3
9771	9843	0	0.49816457632303457
3265	3273	0	0.4993881921076782
p = 19463
19608	1634	12
9912	9696	0	0.5055079559363526
807	827	0	0.4938800489596083
p = 19469
19488	3248	6
9673	9815	2	0.4963567323481117
1665	1583	0	0.5126231527093597
p = 19471
19305	2145	9
9767	9538	2	0.5059311059311059
1047	1098	0	0.4881118881118881
p = 19477
19458	6486	3
9683	9775	2	0.49763593380614657
3225	3261	0	0.49722479185938945
p = 19483
19341	6447	3
9669	9672	2	0.49992244454785173
3185	3262	2	0.494028230184582
p = 19489
19521	2169	9
9863	9658	0	0.5052507555965371
1043	1126	0	0.48086675887505764
p = 19501
19350	3225	6
9636	9714	2	0.497984496124031
1613	1612	0	0.5001550387596899
p = 19507
19494	1083	18
9753	9741	0	0.5003077870113881
519	564	0	0.4792243767313019
p = 19531
19665	2185	9
9919	9746	0	0.5043986778540555
1061	1124	0	0.48558352402745997
p = 19541
19620	6540	3
9933	9687	2	0.5062691131498471
3269	3271	0	0.49984709480122325
p = 19543
19332	716	27
9720	9612	2	0.5027932960893855
362	354	2	0.505586592178771
p = 19553
19566	6522	3
9825	9741	0	0.5021465808034346
3279	3243	0	0.5027598896044159
p = 19559
19788	3298	6
9889	9899	0	0.499747321609056
1599	1699	0	0.4848392965433596
p = 19571
19596	3266	6
9713	9883	2	0.49566238007756686
1608	1658	0	0.4923453766074709
p = 19577
19821	6607	3
9913	9908	2	0.5001261288532365
3277	3330	0	0.4959891024670804
p = 19583
19470	3245	6
9628	9842	2	0.49450436569080636
1557	1688	0	0.4798151001540832
p = 19597
19683	2187	9
9771	9912	2	0.496418228928517
1039	1148	0	0.4750800182898948
p = 19603
19782	3297	6
9829	9953	0	0.49686583763016884
1679	1618	0	0.5092508340915984
p = 19609
19377	6459	3
9633	9744	0	0.4971357795324354
3281	3178	0	0.5079733704907881
p = 19661
19467	6489	3
9759	9708	0	0.5013099090768993
3213	3276	0	0.49514563106796117
p = 19681
19737	2193	9
9833	9904	2	0.49820134772255154
1087	1106	0	0.49566803465572273
p = 19687
19728	3288	6
9958	9770	0	0.504764801297648
1630	1658	0	0.4957420924574209
p = 19697
19641	6547	3
9733	9908	2	0.4955450333486075
3291	3256	2	0.5026729799908355
p = 19699
19665	6555	3
9733	9932	0	0.4949402491736588
3287	3268	0	0.5014492753623189
p = 19709
19920	6640	3
9901	10019	2	0.49703815261044176
3375	3265	0	0.5082831325301205
p = 19717
19818	2202	9
9799	10019	2	0.4944494903622969
1093	1109	0	0.4963669391462307
p = 19727
19800	220	90
10032	9768	0	0.5066666666666667
100	120	0	0.45454545454545453
p = 19739
19905	6635	3
9943	9962	0	0.4995227329816629
3371	3264	0	0.5080633006782216
p = 19751
20004	3334	6
9907	10097	0	0.495250949810038
1663	1671	0	0.4988002399520096
p = 19753
19980	6660	3
10058	9922	2	0.5034034034034034
3390	3270	2	0.509009009009009
p = 19759
19890	663	30
10025	9865	0	0.5040221216691805
331	332	0	0.49924585218702866
p = 19763
19644	6548	3
9877	9767	2	0.5027998371003869
3267	3281	0	0.4989309712889432
p = 19777
19584	1632	12
9797	9787	0	0.5002553104575164
766	866	0	0.4693627450980392
p = 19793
19800	1650	12
9962	9838	2	0.5031313131313131
816	834	2	0.49454545454545457
p = 19801
19926	1107	18
9887	10039	2	0.49618588778480377
555	552	0	0.5013550135501355
p = 19813
20052	3342	6
10074	9978	2	0.502393776181927
1674	1668	0	0.5008976660682226
p = 19819
19647	6549	3
9759	9888	0	0.49671705603908994
3245	3304	0	0.4954954954954955
p = 19841
19968	3328	6
9868	10100	2	0.4941907051282051
1639	1689	0	0.4924879807692308
p = 19843
19800	1100	18
9875	9925	0	0.49873737373737376
543	557	0	0.49363636363636365
p = 19853
19620	2180	9
9747	9873	2	0.49678899082568806
1069	1111	0	0.49036697247706423
p = 19861
19989	6663	3
10059	9930	2	0.5032267747260993
3431	3232	0	0.514933213267297
p = 19867
19629	2181	9
9827	9802	2	0.5006368128789037
1097	1084	0	0.5029802842732691
p = 19889
19968	512	39
10070	9898	2	0.5043068910256411
248	264	0	0.484375
p = 19891
20043	6681	3
9975	10068	0	0.49767998802574465
3331	3350	0	0.4985780571770693
p = 19913
20025	6675	3
9943	10082	2	0.4965293383270911
3355	3320	0	0.5026217228464419
p = 19919
19890	3315	6
9849	10041	0	0.4951734539969834
1649	1666	0	0.49743589743589745
p = 19927
20160	448	45
9989	10171	2	0.4954861111111111
233	215	0	0.5200892857142857
p = 19937
19860	6620	3
9979	9881	0	0.502467270896274
3265	3355	0	0.493202416918429
p = 19949
19785	1319	15
9911	9874	2	0.5009350518069244
659	660	0	0.49962092494313876
p = 19961
20010	667	30
10019	9991	2	0.5006996501749126
327	340	0	0.49025487256371814
p = 19963
20052	557	36
10021	10031	2	0.4997506483143826
243	314	0	0.4362657091561939
p = 19973
19866	473	42
9872	9994	0	0.4969294271619853
261	212	0	0.5517970401691332
p = 19979
19908	316	63
10063	9845	0	0.5054751858549327
163	153	0	0.5158227848101266
p = 19991
19824	3304	6
10044	9780	0	0.5066585956416465
1600	1704	0	0.48426150121065376
p = 19993
19863	6621	3
9921	9942	2	0.4994713789457786
3259	3362	0	0.49222171877359916
p = 19997
20229	6743	3
10233	9996	0	0.5058579267388402
3375	3368	0	0.500519056799644
p = 20011
19818	3303	6
9806	10012	0	0.4948027046119689
1669	1634	0	0.5052982137450802
p = 20021
20118	6706	3
10024	10094	0	0.49826026443980515
3330	3376	0	0.4965702356099016
p = 20023
19890	3315	6
9997	9893	2	0.5026143790849673
1649	1666	2	0.49743589743589745
p = 20029
20061	2229	9
9939	10122	2	0.4954389113204726
1129	1100	0	0.5065051592642441
p = 20047
19998	6666	3
10042	9956	0	0.5021502150215021
3340	3326	0	0.5010501050105011
p = 20051
20217	6739	3
10045	10172	2	0.49685907899292675
3333	3406	0	0.4945837661374091
p = 20063
19968	256	78
9908	10060	2	0.49619391025641024
124	132	0	0.484375
p = 20071
19971	6657	3
9959	10012	2	0.4986730759601422
3311	3346	0	0.49737118822292326
p = 20089
20304	48	423
10205	10099	0	0.5026103230890465
21	27	0	0.4375
p = 20101
20007	2223	9
10107	9900	2	0.5051731893837157
1079	1144	0	0.4853801169590643
p = 20107
19980	2220	9
9947	10033	0	0.49784784784784786
1137	1083	0	0.5121621621621621
p = 20113
19881	6627	3
10021	9860	0	0.504049092097983
3265	3362	0	0.4926814546551984
p = 20117
20229	6743	3
10095	10134	0	0.49903603737208957
3421	3322	0	0.5073409461663948
p = 20123
20013	6671	3
10033	9980	2	0.5013241393094489
3297	3374	2	0.49422875131164745
p = 20129
20058	6686	3
10024	10034	2	0.49975072290357964
3350	3336	0	0.5010469638049656
p = 20143
20223	2247	9
10163	10060	2	0.5025466053503437
1151	1096	2	0.5122385402759234
p = 20147
20208	6736	3
10103	10105	0	0.49995051464766427
3321	3415	0	0.4930225653206651
p = 20149
20142	2238	9
10094	10048	2	0.5011418925628041
1138	1100	0	0.5084897229669347
p = 20161
20187	2243	9
10107	10080	2	0.5006687472135533
1199	1044	0	0.5345519393669194
p = 20173
20232	3372	6
10089	10143	2	0.4986654804270463
1693	1679	0	0.5020759193357058
p = 20177
20055	6685	3
9903	10152	0	0.49379207180254303
3275	3410	0	0.48990276738967836
p = 20183
20088	1674	12
10056	10032	2	0.5005973715651135
822	852	0	0.4910394265232975
p = 20201
20217	6739	3
10171	10046	2	0.5030914576841272
3435	3304	0	0.509719542958896
p = 20219
20085	6695	3
10005	10080	0	0.4981329350261389
3335	3360	0	0.4981329350261389
p = 20231
20268	2252	9
10155	10113	0	0.5010361160449971
1149	1103	0	0.5102131438721137
p = 20233
20250	2250	9
10160	10090	0	0.5017283950617284
1160	1090	0	0.5155555555555555
p = 20249
20463	6821	3
10221	10242	2	0.49948687875678055
3373	3448	0	0.4945022723940771
p = 20261
20277	6759	3
10149	10128	0	0.500517828081077
3447	3312	0	0.5099866844207723
p = 20269
20160	28	720
9994	10166	2	0.495734126984127
12	16	0	0.42857142857142855
p = 20287
20259	2251	9
10151	10108	0	0.501061256725406
1129	1122	0	0.5015548645046646
p = 20297
20394	6798	3
10119	10275	2	0.4961753456899088
3381	3417	2	0.49735216240070607
