x^2 on 189.b3
#E(F_p)	#E(Q)	index
totalsplit	totalinert	totalramified	totalsplitpercentage
split	inert	ramified	splitpercentage
p = 2
3	3	1
3	0	2	1.0
3	0	2	1.0
p = 5
9	9	1
5	4	2	0.5555555555555556
5	4	2	0.5555555555555556
p = 11
18	18	1
12	6	2	0.6666666666666666
12	6	2	0.6666666666666666
p = 13
18	18	1
10	8	1	0.5555555555555556
10	8	1	0.5555555555555556
p = 17
21	21	1
9	12	0	0.42857142857142855
9	12	0	0.42857142857142855
p = 19
18	18	1
6	12	0	0.3333333333333333
6	12	0	0.3333333333333333
p = 23
18	9	2
10	8	0	0.5555555555555556
5	4	0	0.5555555555555556
p = 29
24	24	1
10	14	0	0.4166666666666667
10	14	0	0.4166666666666667
p = 31
36	36	1
16	20	0	0.4444444444444444
16	20	0	0.4444444444444444
p = 37
45	45	1
27	18	0	0.6
27	18	0	0.6
p = 41
39	39	1
19	20	2	0.48717948717948717
19	20	2	0.48717948717948717
p = 43
45	45	1
23	22	2	0.5111111111111111
23	22	2	0.5111111111111111
p = 47
57	57	1
33	24	2	0.5789473684210527
33	24	2	0.5789473684210527
p = 53
48	24	2
30	18	0	0.625
14	10	0	0.5833333333333334
p = 59
69	69	1
35	34	2	0.5072463768115942
35	34	2	0.5072463768115942
p = 61
72	72	1
35	37	2	0.4861111111111111
35	37	2	0.4861111111111111
p = 67
72	36	2
34	38	0	0.4722222222222222
14	22	0	0.3888888888888889
p = 71
72	12	6
36	36	2	0.5
6	6	0	0.5
p = 73
72	12	6
38	34	0	0.5277777777777778
8	4	0	0.6666666666666666
p = 79
81	27	3
39	42	2	0.48148148148148145
11	16	2	0.4074074074074074
p = 83
87	87	1
49	38	2	0.5632183908045977
49	38	2	0.5632183908045977
p = 89
96	24	4
46	50	2	0.4791666666666667
10	14	0	0.4166666666666667
p = 97
108	108	1
56	52	0	0.5185185185185185
56	52	0	0.5185185185185185
p = 101
108	54	2
47	61	0	0.4351851851851852
19	35	0	0.35185185185185186
p = 103
90	45	2
38	52	2	0.4222222222222222
21	24	0	0.4666666666666667
p = 107
114	57	2
61	53	0	0.5350877192982456
29	28	0	0.5087719298245614
p = 109
99	99	1
55	44	0	0.5555555555555556
55	44	0	0.5555555555555556
p = 113
102	102	1
55	47	0	0.5392156862745098
55	47	0	0.5392156862745098
p = 127
135	45	3
71	64	2	0.5259259259259259
21	24	0	0.4666666666666667
p = 131
144	18	8
70	74	0	0.4861111111111111
11	7	0	0.6111111111111112
p = 137
126	126	1
70	56	2	0.5555555555555556
70	56	2	0.5555555555555556
p = 139
162	162	1
77	85	2	0.47530864197530864
77	85	2	0.47530864197530864
p = 149
144	144	1
70	74	2	0.4861111111111111
70	74	2	0.4861111111111111
p = 151
171	171	1
87	84	0	0.5087719298245614
87	84	0	0.5087719298245614
p = 157
144	144	1
81	63	2	0.5625
81	63	2	0.5625
p = 163
171	171	1
95	76	0	0.5555555555555556
95	76	0	0.5555555555555556
p = 167
165	165	1
79	86	2	0.47878787878787876
79	86	2	0.47878787878787876
p = 173
156	39	4
79	77	0	0.5064102564102564
17	22	0	0.4358974358974359
p = 179
192	192	1
105	87	0	0.546875
105	87	0	0.546875
p = 181
162	27	6
91	71	2	0.5617283950617284
19	8	0	0.7037037037037037
p = 191
210	105	2
113	97	0	0.5380952380952381
53	52	0	0.5047619047619047
p = 193
207	207	1
113	94	0	0.5458937198067633
113	94	0	0.5458937198067633
p = 197
180	60	3
91	89	2	0.5055555555555555
27	33	0	0.45
p = 199
180	90	2
87	93	2	0.48333333333333334
39	51	2	0.43333333333333335
p = 211
216	27	8
111	105	2	0.5138888888888888
7	20	0	0.25925925925925924
p = 223
216	24	9
99	117	0	0.4583333333333333
7	17	0	0.2916666666666667
p = 227
216	108	2
115	101	2	0.5324074074074074
55	53	0	0.5092592592592593
p = 229
234	117	2
108	126	0	0.46153846153846156
61	56	0	0.5213675213675214
p = 233
258	258	1
137	121	0	0.5310077519379846
137	121	0	0.5310077519379846
p = 239
228	228	1
115	113	2	0.5043859649122807
115	113	2	0.5043859649122807
p = 241
234	234	1
114	120	0	0.48717948717948717
114	120	0	0.48717948717948717
p = 251
279	93	3
129	150	0	0.46236559139784944
49	44	0	0.5268817204301075
p = 257
252	126	2
135	117	0	0.5357142857142857
64	62	0	0.5079365079365079
p = 263
252	252	1
135	117	0	0.5357142857142857
135	117	0	0.5357142857142857
p = 269
273	273	1
141	132	0	0.5164835164835165
141	132	0	0.5164835164835165
p = 271
270	45	6
133	137	0	0.4925925925925926
19	26	0	0.4222222222222222
p = 277
261	261	1
127	134	2	0.48659003831417624
127	134	2	0.48659003831417624
p = 281
312	78	4
168	144	2	0.5384615384615384
42	36	0	0.5384615384615384
p = 283
270	90	3
128	142	2	0.4740740740740741
32	58	0	0.35555555555555557
p = 293
327	327	1
177	150	2	0.5412844036697247
177	150	2	0.5412844036697247
p = 307
306	51	6
149	157	0	0.4869281045751634
21	30	0	0.4117647058823529
p = 311
321	321	1
165	156	0	0.514018691588785
165	156	0	0.514018691588785
p = 313
306	153	2
165	141	2	0.5392156862745098
87	66	0	0.5686274509803921
p = 317
336	168	2
175	161	2	0.5208333333333334
95	73	0	0.5654761904761905
p = 331
333	333	1
179	154	0	0.5375375375375375
179	154	0	0.5375375375375375
p = 337
351	117	3
171	180	2	0.48717948717948717
53	64	0	0.452991452991453
p = 347
348	348	1
189	159	0	0.5431034482758621
189	159	0	0.5431034482758621
p = 349
342	171	2
157	185	0	0.4590643274853801
79	92	0	0.4619883040935672
p = 353
333	333	1
183	150	2	0.5495495495495496
183	150	2	0.5495495495495496
p = 359
366	183	2
181	185	2	0.49453551912568305
87	96	2	0.47540983606557374
p = 367
378	63	6
186	192	2	0.49206349206349204
37	26	0	0.5873015873015873
p = 373
351	351	1
177	174	2	0.5042735042735043
177	174	2	0.5042735042735043
p = 379
351	117	3
163	188	0	0.46438746438746437
59	58	0	0.5042735042735043
p = 383
369	369	1
187	182	2	0.5067750677506775
187	182	2	0.5067750677506775
p = 389
396	396	1
195	201	0	0.49242424242424243
195	201	0	0.49242424242424243
p = 397
396	99	4
203	193	0	0.5126262626262627
57	42	0	0.5757575757575758
p = 401
414	207	2
217	197	2	0.5241545893719807
105	102	0	0.5072463768115942
p = 409
414	207	2
193	221	0	0.46618357487922707
97	110	0	0.46859903381642515
p = 419
399	399	1
201	198	0	0.5037593984962406
201	198	0	0.5037593984962406
p = 421
432	24	18
229	203	0	0.5300925925925926
11	13	0	0.4583333333333333
p = 431
444	111	4
214	230	2	0.481981981981982
55	56	0	0.4954954954954955
p = 433
450	150	3
218	232	2	0.48444444444444446
86	64	2	0.5733333333333334
p = 439
468	39	12
240	228	2	0.5128205128205128
25	14	0	0.6410256410256411
p = 443
462	462	1
228	234	0	0.4935064935064935
228	234	0	0.4935064935064935
p = 449
450	150	3
225	225	2	0.5
73	77	0	0.4866666666666667
p = 457
432	72	6
205	227	0	0.47453703703703703
37	35	0	0.5138888888888888
p = 461
447	447	1
229	218	2	0.5123042505592841
229	218	2	0.5123042505592841
p = 463
459	51	9
229	230	0	0.4989106753812636
23	28	0	0.45098039215686275
p = 467
492	246	2
256	236	0	0.5203252032520326
131	115	0	0.532520325203252
p = 479
459	459	1
235	224	2	0.5119825708061002
235	224	2	0.5119825708061002
p = 487
504	252	2
260	244	0	0.5158730158730159
123	129	0	0.4880952380952381
p = 491
516	516	1
263	253	0	0.5096899224806202
263	253	0	0.5096899224806202
p = 499
495	99	5
241	254	0	0.4868686868686869
37	62	0	0.37373737373737376
p = 503
477	159	3
245	232	0	0.5136268343815513
81	78	0	0.5094339622641509
p = 509
549	549	1
279	270	2	0.5081967213114754
279	270	2	0.5081967213114754
p = 521
561	561	1
279	282	0	0.49732620320855614
279	282	0	0.49732620320855614
p = 523
540	60	9
253	287	2	0.4685185185185185
29	31	0	0.48333333333333334
p = 541
585	585	1
311	274	0	0.5316239316239316
311	274	0	0.5316239316239316
p = 547
549	549	1
257	292	2	0.4681238615664845
257	292	2	0.4681238615664845
p = 557
570	285	2
289	281	2	0.5070175438596491
155	130	0	0.543859649122807
p = 563
564	282	2
304	260	0	0.5390070921985816
160	122	0	0.5673758865248227
p = 569
552	69	8
254	298	0	0.4601449275362319
37	32	0	0.5362318840579711
p = 571
549	549	1
265	284	2	0.48269581056466304
265	284	2	0.48269581056466304
p = 577
594	33	18
297	297	0	0.5
17	16	0	0.5151515151515151
p = 587
600	60	10
323	277	2	0.5383333333333333
34	26	0	0.5666666666666667
p = 593
609	609	1
317	292	2	0.5205254515599343
317	292	2	0.5205254515599343
p = 599
618	618	1
293	325	0	0.4741100323624595
293	325	0	0.4741100323624595
p = 601
594	594	1
284	310	2	0.4781144781144781
284	310	2	0.4781144781144781
p = 607
648	648	1
313	335	2	0.48302469135802467
313	335	2	0.48302469135802467
p = 613
648	108	6
335	313	0	0.5169753086419753
56	52	0	0.5185185185185185
p = 617
588	147	4
306	282	2	0.5204081632653061
67	80	2	0.4557823129251701
p = 619
630	630	1
328	302	0	0.5206349206349207
328	302	0	0.5206349206349207
p = 631
639	213	3
325	314	0	0.5086071987480438
105	108	0	0.49295774647887325
p = 641
612	36	17
314	298	0	0.5130718954248366
22	14	0	0.6111111111111112
p = 643
630	63	10
302	328	0	0.4793650793650794
23	40	0	0.36507936507936506
p = 647
624	312	2
308	316	0	0.4935897435897436
160	152	0	0.5128205128205128
p = 653
630	630	1
303	327	0	0.48095238095238096
303	327	0	0.48095238095238096
p = 659
636	159	4
324	312	0	0.5094339622641509
83	76	0	0.5220125786163522
p = 661
630	42	15
326	304	0	0.5174603174603175
14	28	0	0.3333333333333333
p = 673
648	54	12
332	316	2	0.5123456790123457
37	17	0	0.6851851851851852
p = 677
660	330	2
309	351	0	0.4681818181818182
150	180	0	0.45454545454545453
p = 683
696	24	29
348	348	2	0.5
18	6	0	0.75
p = 691
648	72	9
325	323	0	0.5015432098765432
33	39	0	0.4583333333333333
p = 701
738	246	3
363	375	0	0.491869918699187
123	123	0	0.5
p = 709
711	711	1
371	340	0	0.5218002812939522
371	340	0	0.5218002812939522
p = 719
753	753	1
391	362	0	0.5192563081009296
391	362	0	0.5192563081009296
p = 727
738	738	1
371	367	2	0.502710027100271
371	367	2	0.502710027100271
p = 733
702	117	6
341	361	0	0.48575498575498577
55	62	0	0.4700854700854701
p = 739
720	90	8
366	354	0	0.5083333333333333
36	54	0	0.4
p = 743
750	750	1
393	357	2	0.524
393	357	2	0.524
p = 751
756	378	2
391	365	2	0.5171957671957672
198	180	2	0.5238095238095238
p = 757
711	237	3
367	344	2	0.5161744022503516
137	100	2	0.5780590717299579
p = 761
711	711	1
367	344	2	0.5161744022503516
367	344	2	0.5161744022503516
p = 769
810	135	6
396	414	0	0.4888888888888889
77	58	0	0.5703703703703704
p = 773
795	795	1
407	388	2	0.5119496855345912
407	388	2	0.5119496855345912
p = 787
774	387	2
383	391	0	0.49483204134366926
187	200	0	0.48320413436692505
p = 797
804	402	2
417	387	0	0.5186567164179104
201	201	0	0.5
p = 809
804	201	4
393	411	0	0.48880597014925375
103	98	0	0.5124378109452736
p = 811
864	96	9
449	415	0	0.5196759259259259
51	45	0	0.53125
p = 821
786	393	2
392	394	2	0.49872773536895676
195	198	2	0.4961832061068702
p = 823
819	819	1
409	410	2	0.4993894993894994
409	410	2	0.4993894993894994
p = 827
792	264	3
382	410	2	0.4823232323232323
140	124	2	0.5303030303030303
p = 829
828	828	1
428	400	2	0.5169082125603864
428	400	2	0.5169082125603864
p = 839
861	861	1
425	436	2	0.49361207897793263
425	436	2	0.49361207897793263
p = 853
810	135	6
400	410	0	0.49382716049382713
77	58	0	0.5703703703703704
p = 857
855	855	1
431	424	0	0.504093567251462
431	424	0	0.504093567251462
p = 859
882	441	2
462	420	2	0.5238095238095238
227	214	0	0.5147392290249433
p = 863
870	435	2
444	426	2	0.5103448275862069
223	212	0	0.5126436781609195
p = 877
909	909	1
441	468	0	0.48514851485148514
441	468	0	0.48514851485148514
p = 881
864	144	6
447	417	0	0.5173611111111112
81	63	0	0.5625
p = 883
891	297	3
461	430	2	0.5173961840628507
153	144	2	0.5151515151515151
p = 887
909	909	1
431	478	0	0.47414741474147415
431	478	0	0.47414741474147415
p = 907
963	963	1
475	488	2	0.4932502596053998
475	488	2	0.4932502596053998
p = 911
942	942	1
486	456	0	0.5159235668789809
486	456	0	0.5159235668789809
p = 919
891	297	3
427	464	2	0.4792368125701459
141	156	0	0.47474747474747475
p = 929
903	129	7
433	470	2	0.4795127353266888
61	68	0	0.4728682170542636
p = 937
972	324	3
481	491	2	0.4948559670781893
151	173	0	0.4660493827160494
p = 941
969	969	1
471	498	2	0.48606811145510836
471	498	2	0.48606811145510836
p = 947
984	492	2
487	497	2	0.4949186991869919
255	237	2	0.5182926829268293
p = 953
1008	168	6
493	515	0	0.48908730158730157
79	89	0	0.47023809523809523
p = 967
1008	126	8
506	502	0	0.501984126984127
57	69	0	0.4523809523809524
p = 971
951	951	1
483	468	0	0.5078864353312302
483	468	0	0.5078864353312302
p = 977
942	471	2
502	440	2	0.5329087048832272
239	232	2	0.5074309978768577
p = 983
981	981	1
497	484	2	0.5066258919469928
497	484	2	0.5066258919469928
p = 991
945	315	3
499	446	2	0.5280423280423281
175	140	0	0.5555555555555556
p = 997
1008	1008	1
492	516	2	0.4880952380952381
492	516	2	0.4880952380952381
p = 1009
981	327	3
509	472	0	0.5188583078491336
155	172	0	0.4740061162079511
p = 1013
1071	153	7
505	566	0	0.4715219421101774
83	70	0	0.5424836601307189
p = 1019
1080	540	2
556	524	2	0.5148148148148148
288	252	0	0.5333333333333333
p = 1021
972	324	3
483	489	0	0.49691358024691357
171	153	0	0.5277777777777778
p = 1031
1008	1008	1
482	526	0	0.4781746031746032
482	526	0	0.4781746031746032
p = 1033
999	999	1
493	506	0	0.4934934934934935
493	506	0	0.4934934934934935
p = 1039
1026	114	9
505	521	2	0.4922027290448343
61	53	0	0.5350877192982456
p = 1049
1065	1065	1
515	550	0	0.4835680751173709
515	550	0	0.4835680751173709
p = 1051
1080	270	4
536	544	0	0.4962962962962963
143	127	0	0.5296296296296297
p = 1061
1038	519	2
498	540	2	0.4797687861271676
245	274	2	0.4720616570327553
p = 1063
1080	180	6
554	526	2	0.512962962962963
82	98	0	0.45555555555555555
p = 1069
1080	90	12
558	522	2	0.5166666666666667
50	40	0	0.5555555555555556
p = 1087
1089	1089	1
543	546	0	0.4986225895316804
543	546	0	0.4986225895316804
p = 1091
1059	1059	1
527	532	0	0.4976392823418319
527	532	0	0.4976392823418319
p = 1093
1116	558	2
572	544	2	0.5125448028673835
271	287	0	0.48566308243727596
p = 1097
1041	1041	1
503	538	2	0.48318924111431316
503	538	2	0.48318924111431316
p = 1103
1122	1122	1
534	588	2	0.47593582887700536
534	588	2	0.47593582887700536
p = 1109
1107	1107	1
575	532	0	0.5194218608852755
575	532	0	0.5194218608852755
p = 1117
1080	180	6
542	538	2	0.5018518518518519
87	93	0	0.48333333333333334
p = 1123
1188	1188	1
573	615	0	0.4823232323232323
573	615	0	0.4823232323232323
p = 1129
1152	144	8
551	601	0	0.4782986111111111
80	64	0	0.5555555555555556
p = 1151
1155	231	5
571	584	2	0.49437229437229435
115	116	2	0.49783549783549785
p = 1153
1098	1098	1
575	523	2	0.52367941712204
575	523	2	0.52367941712204
p = 1163
1176	84	14
568	608	2	0.48299319727891155
48	36	0	0.5714285714285714
p = 1171
1143	1143	1
545	598	2	0.4768153980752406
545	598	2	0.4768153980752406
p = 1181
1155	1155	1
581	574	2	0.503030303030303
581	574	2	0.503030303030303
p = 1187
1128	141	8
566	562	0	0.50177304964539
73	68	0	0.5177304964539007
p = 1193
1257	1257	1
603	654	0	0.4797136038186158
603	654	0	0.4797136038186158
p = 1201
1224	36	34
593	631	0	0.48447712418300654
34	2	0	0.9444444444444444
p = 1213
1251	1251	1
641	610	2	0.5123900879296562
641	610	2	0.5123900879296562
p = 1217
1212	303	4
608	604	2	0.5016501650165016
165	138	0	0.5445544554455446
p = 1223
1167	1167	1
569	598	0	0.4875749785775493
569	598	0	0.4875749785775493
p = 1229
1194	597	2
625	569	2	0.5234505862646566
311	286	0	0.5209380234505863
p = 1231
1260	630	2
621	639	2	0.4928571428571429
297	333	2	0.4714285714285714
p = 1237
1188	198	6
593	595	0	0.49915824915824913
101	97	0	0.51010101010101
p = 1249
1224	153	8
620	604	2	0.5065359477124183
87	66	0	0.5686274509803921
p = 1259
1305	435	3
669	636	2	0.5126436781609195
211	224	0	0.4850574712643678
p = 1277
1263	1263	1
609	654	0	0.4821852731591449
609	654	0	0.4821852731591449
p = 1279
1314	1314	1
631	683	0	0.4802130898021309
631	683	0	0.4802130898021309
p = 1283
1296	648	2
630	666	0	0.4861111111111111
318	330	0	0.49074074074074076
p = 1289
1320	330	4
661	659	2	0.5007575757575757
169	161	0	0.5121212121212121
p = 1291
1296	432	3
649	647	2	0.5007716049382716
209	223	0	0.4837962962962963
p = 1297
1341	1341	1
651	690	2	0.4854586129753915
651	690	2	0.4854586129753915
p = 1301
1272	318	4
663	609	0	0.5212264150943396
163	155	0	0.5125786163522013
p = 1303
1305	261	5
651	654	2	0.49885057471264366
127	134	2	0.48659003831417624
p = 1307
1371	1371	1
693	678	2	0.5054704595185996
693	678	2	0.5054704595185996
p = 1319
1311	1311	1
685	626	2	0.5225019069412662
685	626	2	0.5225019069412662
p = 1321
1368	1368	1
688	680	0	0.5029239766081871
688	680	0	0.5029239766081871
p = 1327
1305	1305	1
677	628	2	0.5187739463601533
677	628	2	0.5187739463601533
p = 1361
1332	666	2
649	683	0	0.4872372372372372
309	357	0	0.46396396396396394
p = 1367
1428	1428	1
684	744	2	0.4789915966386555
684	744	2	0.4789915966386555
p = 1373
1398	699	2
697	701	2	0.49856938483547925
355	344	0	0.5078683834048641
p = 1381
1395	279	5
695	700	2	0.4982078853046595
147	132	2	0.5268817204301075
p = 1399
1440	1440	1
707	733	0	0.4909722222222222
707	733	0	0.4909722222222222
p = 1409
1458	1458	1
742	716	2	0.5089163237311386
742	716	2	0.5089163237311386
p = 1423
1449	1449	1
697	752	0	0.4810213940648723
697	752	0	0.4810213940648723
p = 1427
1443	1443	1
717	726	0	0.4968814968814969
717	726	0	0.4968814968814969
p = 1429
1485	1485	1
729	756	2	0.4909090909090909
729	756	2	0.4909090909090909
p = 1433
1443	1443	1
721	722	0	0.49965349965349964
721	722	0	0.49965349965349964
p = 1439
1470	735	2
768	702	0	0.5224489795918368
393	342	0	0.5346938775510204
p = 1447
1386	693	2
677	709	2	0.4884559884559885
341	352	2	0.49206349206349204
p = 1451
1452	1452	1
739	713	2	0.5089531680440771
739	713	2	0.5089531680440771
p = 1453
1440	90	16
704	736	2	0.4888888888888889
51	39	0	0.5666666666666667
p = 1459
1476	1476	1
764	712	2	0.5176151761517616
764	712	2	0.5176151761517616
p = 1471
1449	207	7
717	732	0	0.494824016563147
117	90	0	0.5652173913043478
p = 1481
1518	759	2
776	742	0	0.5111989459815547
403	356	0	0.530961791831357
p = 1483
1458	729	2
711	747	2	0.4876543209876543
353	376	2	0.4842249657064472
p = 1487
1512	378	4
785	727	2	0.5191798941798942
203	175	0	0.5370370370370371
p = 1489
1458	729	2
730	728	0	0.5006858710562414
373	356	0	0.5116598079561042
p = 1493
1428	84	17
699	729	2	0.4894957983193277
43	41	0	0.5119047619047619
p = 1499
1434	717	2
708	726	0	0.49372384937238495
365	352	0	0.5090655509065551
p = 1511
1449	21	69
697	752	0	0.4810213940648723
9	12	0	0.42857142857142855
p = 1523
1512	378	4
775	737	2	0.5125661375661376
191	187	0	0.5052910052910053
p = 1531
1584	132	12
803	781	2	0.5069444444444444
69	63	0	0.5227272727272727
p = 1543
1548	516	3
751	797	2	0.4851421188630491
239	277	2	0.4631782945736434
p = 1549
1620	54	30
827	793	0	0.5104938271604939
35	19	0	0.6481481481481481
p = 1553
1488	372	4
752	736	2	0.5053763440860215
188	184	0	0.5053763440860215
p = 1559
1533	1533	1
747	786	0	0.487279843444227
747	786	0	0.487279843444227
p = 1567
1530	255	6
791	739	0	0.5169934640522876
127	128	0	0.4980392156862745
p = 1571
1635	1635	1
843	792	2	0.5155963302752293
843	792	2	0.5155963302752293
p = 1579
1575	1575	1
773	802	0	0.4907936507936508
773	802	0	0.4907936507936508
p = 1583
1530	15	102
777	753	0	0.5078431372549019
7	8	0	0.4666666666666667
p = 1597
1629	1629	1
785	844	0	0.48189073050951503
785	844	0	0.48189073050951503
p = 1601
1536	768	2
764	772	2	0.4973958333333333
387	381	0	0.50390625
p = 1607
1662	831	2
810	852	2	0.48736462093862815
397	434	0	0.4777376654632972
p = 1609
1548	774	2
801	747	2	0.5174418604651163
415	359	0	0.5361757105943152
p = 1613
1647	1647	1
827	820	0	0.5021250758955677
827	820	0	0.5021250758955677
p = 1619
1662	1662	1
855	807	2	0.5144404332129964
855	807	2	0.5144404332129964
p = 1621
1647	549	3
805	842	2	0.48876745598057075
255	294	0	0.4644808743169399
p = 1627
1566	261	6
788	778	0	0.5031928480204342
127	134	0	0.48659003831417624
p = 1637
1584	132	12
789	795	0	0.4981060606060606
68	64	0	0.5151515151515151
p = 1657
1692	423	4
883	809	0	0.5218676122931442
229	194	0	0.541371158392435
p = 1663
1620	162	10
815	805	2	0.5030864197530864
66	96	0	0.4074074074074074
p = 1667
1626	813	2
789	837	0	0.48523985239852396
375	438	0	0.4612546125461255
p = 1669
1746	873	2
854	892	0	0.48911798396334477
419	454	0	0.47995418098510884
p = 1693
1620	108	15
806	814	2	0.49753086419753084
48	60	0	0.4444444444444444
p = 1697
1680	420	4
850	830	2	0.5059523809523809
202	218	0	0.48095238095238096
p = 1699
1656	828	2
830	826	2	0.501207729468599
408	420	0	0.4927536231884058
p = 1709
1710	57	30
843	867	2	0.49298245614035086
31	26	0	0.543859649122807
p = 1721
1752	219	8
908	844	2	0.5182648401826484
121	98	0	0.5525114155251142
p = 1723
1647	183	9
825	822	0	0.5009107468123861
87	96	0	0.47540983606557374
p = 1733
1680	15	112
849	831	0	0.5053571428571428
7	8	0	0.4666666666666667
p = 1741
1782	1782	1
902	880	2	0.5061728395061729
902	880	2	0.5061728395061729
p = 1747
1764	882	2
886	878	0	0.5022675736961452
438	444	0	0.4965986394557823
p = 1753
1782	198	9
879	903	0	0.49326599326599324
99	99	0	0.5
p = 1759
1737	1737	1
903	834	2	0.5198618307426598
903	834	2	0.5198618307426598
p = 1777
1836	51	36
915	921	2	0.49836601307189543
31	20	0	0.6078431372549019
p = 1783
1782	594	3
894	888	0	0.5016835016835017
282	312	0	0.47474747474747475
p = 1787
1728	1728	1
881	847	2	0.5098379629629629
881	847	2	0.5098379629629629
p = 1789
1755	585	3
909	846	0	0.517948717948718
311	274	0	0.5316239316239316
p = 1801
1791	1791	1
931	860	0	0.519821328866555
931	860	0	0.519821328866555
p = 1811
1767	1767	1
891	876	0	0.5042444821731749
891	876	0	0.5042444821731749
p = 1823
1815	1815	1
871	944	0	0.47988980716253443
871	944	0	0.47988980716253443
p = 1831
1845	1845	1
921	924	0	0.4991869918699187
921	924	0	0.4991869918699187
p = 1847
1905	381	5
949	956	0	0.49816272965879266
187	194	0	0.49081364829396323
p = 1861
1926	963	2
953	973	0	0.4948078920041537
461	502	0	0.4787123572170301
p = 1867
1818	909	2
873	945	0	0.4801980198019802
451	458	0	0.4961496149614962
p = 1871
1860	15	124
899	961	0	0.48333333333333334
9	6	0	0.6
p = 1873
1845	1845	1
903	942	2	0.4894308943089431
903	942	2	0.4894308943089431
p = 1877
1848	1848	1
899	949	2	0.48647186147186144
899	949	2	0.48647186147186144
p = 1879
1926	963	2
959	967	0	0.4979231568016615
461	502	0	0.4787123572170301
p = 1889
1863	621	3
907	956	0	0.4868491680085883
303	318	0	0.48792270531400966
p = 1901
1908	477	4
963	945	0	0.5047169811320755
243	234	0	0.5094339622641509
p = 1907
1911	1911	1
967	944	0	0.5060177917320774
967	944	0	0.5060177917320774
p = 1913
1908	1908	1
925	983	2	0.48480083857442346
925	983	2	0.48480083857442346
p = 1931
1983	1983	1
1025	958	2	0.5168935955622794
1025	958	2	0.5168935955622794
p = 1933
1899	1899	1
971	928	2	0.5113217482885729
971	928	2	0.5113217482885729
p = 1949
1995	1995	1
957	1038	0	0.47969924812030074
957	1038	0	0.47969924812030074
p = 1951
1890	21	90
937	953	2	0.49576719576719575
13	8	0	0.6190476190476191
p = 1973
1977	1977	1
979	998	0	0.49519473950429943
979	998	0	0.49519473950429943
p = 1979
1923	1923	1
935	988	0	0.4862194487779511
935	988	0	0.4862194487779511
p = 1987
1962	1962	1
959	1003	0	0.4887869520897044
959	1003	0	0.4887869520897044
p = 1993
1998	666	3
963	1035	2	0.481981981981982
315	351	0	0.47297297297297297
p = 1997
1986	993	2
998	988	2	0.5025176233635448
489	504	2	0.49244712990936557
p = 1999
2016	1008	2
1009	1007	2	0.5004960317460317
491	517	2	0.4871031746031746
