surjcount, notsurjcount, primeordercount, surjpercentage
"5077.a1"	5077	3	[]	0	[0, 0, 1, -7, 6]	[[1, 0], [2, 0], [0, 2]]
69, 26, 11, 0.7263157894736842

"11197.a1"	11197	3	[]	0	[1, -1, 1, -6, 0]	[[0, 0], [-1, 2], [-2, 1]]
67, 28, 12, 0.7052631578947368

"11642.a1"	11642	3	[]	0	[1, -1, 0, -16, 28]	[[2, 0], [3, -1], [4, 2]]
72, 22, 14, 0.7659574468085106

"12279.a1"	12279	3	[]	0	[0, -1, 1, -10, 12]	[[1, 1], [4, 4], [-2, 4]]
66, 28, 14, 0.7021276595744681

"13766.a1"	13766	3	[]	0	[1, 0, 1, -23, 42]	[[3, 0], [-1, 8], [2, 1]]
79, 15, 11, 0.8404255319148937

"16811.a1"	16811	3	[]	0	[0, 0, 1, -1, 6]	[[0, 2], [1, 2], [-2, 0]]
64, 31, 10, 0.6736842105263158

"18097.a1"	18097	3	[]	0	[1, 1, 1, -10, 6]	[[2, -1], [0, 2], [3, 2]]
73, 22, 11, 0.7684210526315789

"18562.a1"	18562	3	[]	0	[1, 0, 1, -20, 30]	[[3, -3], [2, -2], [-1, 7]]
77, 17, 11, 0.8191489361702128

"18745.a1"	18745	3	[]	0	[0, 1, 1, -146, 636]	[[9, 11], [7, 2], [58/3, 44/3]]
69, 23, 7, 0.75

"20888.a1"	20888	3	[]	0	[0, 0, 0, -52, 100]	[[-6, 14], [8, 14], [1, 7]]
71, 21, 10, 0.7717391304347826

"21443.a1"	21443	3	[]	0	[1, 1, 1, -5, 6]	[[1, 1], [0, 2], [-3, 3]]
71, 23, 5, 0.7553191489361702

"21858.a1"	21858	3	[]	0	[1, 1, 0, -32, 60]	[[2, 2], [4, 2], [3, 0]]
76, 17, 10, 0.8172043010752689

"22481.b1"	22481	3	[]	0	[1, -1, 1, 6, 2]	[[0, 1], [1, 2], [9, 22]]
62, 33, 9, 0.6526315789473685

"22696.a1"	22696	3	[]	0	[0, 1, 0, -105, 379]	[[5, 2], [7, 6], [6, 1]]
70, 24, 9, 0.7446808510638298

"24301.a1"	24301	3	[]	0	[1, 0, 0, -44, 109]	[[4, -3], [3, 1], [7, 9]]
68, 26, 8, 0.723404255319149

"24546.a1"	24546	3	[]	0	[1, 1, 0, -39, 81]	[[3, 0], [0, 9], [4, 1]]
75, 18, 11, 0.8064516129032258

"24646.a1"	24646	3	[]	0	[1, 0, 1, -13, 12]	[[1, 0], [3, 0], [0, 3]]
64, 30, 9, 0.6808510638297872

"25071.a1"	25071	3	[]	0	[0, -1, 1, -24, -16]	[[-3, 4], [6, 4], [-4, 0]]
73, 19, 11, 0.7934782608695652

"25383.a1"	25383	3	[]	0	[0, -1, 1, -32, 80]	[[2, 4], [5, 4], [4, 0]]
68, 26, 12, 0.723404255319149

"25451.c1"	25451	3	[]	0	[1, 1, 1, -54, 136]	[[-2, 16], [4, 0], [2, 5]]
66, 28, 14, 0.7021276595744681

"25751.a1"	25751	3	[]	0	[1, 0, 0, -39, 94]	[[5, 3], [-6, 14], [-1, 12]]
75, 19, 13, 0.7978723404255319

"26171.a1"	26171	3	[]	0	[0, 0, 1, -49, 132]	[[4, 0], [3, 3], [5, 3]]
68, 27, 9, 0.7157894736842105

"26198.a1"	26198	3	[]	0	[1, -1, 0, -16, 16]	[[0, 4], [4, 0], [-4, 4]]
67, 27, 11, 0.7127659574468085

"26284.a1"	26284	3	[]	0	[0, 1, 0, -9, 16]	[[1, 3], [-1, 5], [3, 5]]
73, 21, 8, 0.776595744680851

"26743.a1"	26743	3	[]	0	[1, 0, 0, 6, -5]	[[1, 1], [2, 3], [5, 10]]
74, 20, 13, 0.7872340425531915

"27262.a1"	27262	3	[]	0	[1, -1, 1, -237, 1365]	[[15, 24], [7, 0], [-17, -8]]
73, 19, 10, 0.7934782608695652

"27382.a1"	27382	3	[]	0	[1, 0, 1, -10, 0]	[[-1, 3], [3, -1], [0, 0]]
73, 21, 11, 0.776595744680851

"27448.a1"	27448	3	[]	0	[0, 0, 0, -79, 274]	[[5, 2], [3, 8], [7, 8]]
70, 22, 6, 0.7608695652173914

"27584.a1"	27584	3	[]	0	[0, 0, 0, -4, 64]	[[2, 8], [-2, 8], [6, 16]]
73, 20, 9, 0.7849462365591398

"27746.a1"	27746	3	[]	0	[1, 0, 1, -12, 26]	[[1, 3], [-3, 7], [5, 7]]
65, 29, 13, 0.6914893617021277

"27747.a1"	27747	3	[]	0	[0, 0, 1, -327, 2286]	[[8, 13], [11, 4], [41/2, 23/2]]
71, 23, 16, 0.7553191489361702

"27773.a1"	27773	3	[]	0	[1, -1, 1, -21, 42]	[[3, -1], [2, 1], [4, 1]]
68, 27, 9, 0.7157894736842105

"27808.a1"	27808	3	[]	0	[0, 0, 0, -364, 2656]	[[2, 44], [10, 4], [18, 44]]
73, 19, 7, 0.7934782608695652

"28042.a1"	28042	3	[]	0	[1, -1, 0, -19, 49]	[[3, 2], [-4, 9], [10, 23]]
71, 22, 12, 0.7634408602150538

"28498.a1"	28498	3	[]	0	[1, -1, 0, -13, 25]	[[2, 1], [0, 5], [4, 3]]
64, 30, 8, 0.6808510638297872

"28571.a1"	28571	3	[]	0	[0, -1, 1, -4, 10]	[[1, 2], [2, 2], [-1, 3]]
65, 30, 9, 0.6842105263157895

"29157.a1"	29157	3	[]	0	[0, 1, 1, -240, 1190]	[[12, 13], [-15, 40], [-6, 49]]
71, 23, 12, 0.7553191489361702

"30064.a1"	30064	3	[]	0	[0, 1, 0, -152, 676]	[[6, 4], [8, 6], [7, 2]]
70, 24, 11, 0.7446808510638298

"30148.a1"	30148	3	[]	0	[0, 0, 0, -37, 85]	[[3, 1], [5, 5], [4, 1]]
66, 28, 9, 0.7021276595744681

"30376.a1"	30376	3	[]	0	[0, 1, 0, -25, -21]	[[-1, 2], [-5, 2], [-3, 6]]
74, 20, 7, 0.7872340425531915

"30446.c1"	30446	3	[]	0	[1, 1, 0, -39, -59]	[[-3, 8], [10, 21], [-5, 9]]
77, 16, 12, 0.8279569892473119

"30487.b1"	30487	3	[]	0	[0, 0, 1, -28, -15]	[[9, 21], [-7/2, 39/2], [-3, 6]]
74, 20, 12, 0.7872340425531915

"30767.a1"	30767	3	[]	0	[0, 0, 1, -31, 60]	[[5, 5], [-6, 5], [4, 0]]
68, 26, 11, 0.723404255319149

"30815.a1"	30815	3	[]	0	[0, 1, 1, -16, 26]	[[2, 2], [-3, 7], [7, 17]]
78, 16, 9, 0.8297872340425532

"31478.a1"	31478	3	[]	0	[1, 0, 1, -5, 12]	[[1, 2], [-1, 4], [-3, 2]]
75, 19, 11, 0.7978723404255319

"31737.a1"	31737	3	[]	0	[0, -1, 1, -34, 90]	[[4, 1], [1, 7], [3, 2]]
70, 22, 11, 0.7608695652173914

"31814.a1"	31814	3	[]	0	[1, 0, 1, 2, 12]	[[-1, 3], [1, 3], [3, 5]]
73, 21, 10, 0.776595744680851

"32192.a1"	32192	3	[]	0	[0, 0, 0, -52, 160]	[[2, 8], [6, 8], [4, 4]]
71, 23, 12, 0.7553191489361702

"32244.a1"	32244	3	[]	0	[0, -1, 0, -30, 81]	[[0, 9], [6, 9], [3, 3]]
68, 25, 10, 0.7311827956989247

"32276.a1"	32276	3	[]	0	[0, 1, 0, -17, 16]	[[1, 1], [3, 1], [-3, 7]]
74, 20, 12, 0.7872340425531915

"32336.a1"	32336	3	[]	0	[0, 1, 0, -32, 4]	[[-2, 8], [0, 2], [-6, 4]]
64, 28, 9, 0.6956521739130435

"33424.b1"	33424	3	[]	0	[0, -1, 0, -312, 2224]	[[12, 8], [10, 2], [9, 8]]
73, 21, 9, 0.776595744680851

"33428.a1"	33428	3	[]	0	[0, 1, 0, -45, 79]	[[1, 6], [5, 2], [9, 22]]
70, 22, 9, 0.7608695652173914

"33509.a1"	33509	3	[]	0	[0, 1, 1, -22, 32]	[[2, 0], [3, 1], [1, 3]]
63, 31, 5, 0.6702127659574468

"33609.a1"	33609	3	[]	0	[1, 1, 1, -232, 1262]	[[10, 3], [8, -3], [44, 258]]
67, 26, 15, 0.7204301075268817

"33709.a1"	33709	3	[]	0	[1, -1, 1, -48, -42]	[[-2, 7], [24, 98], [-4, 10]]
69, 25, 11, 0.7340425531914894

"33914.a1"	33914	3	[]	0	[1, 0, 1, -28, 282]	[[25, 111], [-6, 18], [9, 23]]
69, 24, 10, 0.7419354838709677

"34415.a1"	34415	3	[]	0	[1, 0, 0, 9, 100]	[[3, 11], [-13/2, 63/2], [28, 136]]
75, 19, 12, 0.7978723404255319

"34862.a1"	34862	3	[]	0	[1, -1, 1, -57, 345]	[[7, 12], [-1, 20], [-9, 12]]
73, 21, 6, 0.776595744680851

"35003.a1"	35003	3	[]	0	[0, 1, 1, 18, -18]	[[3, 8], [1, 1], [6, 18]]
75, 17, 7, 0.8152173913043478

"35083.a1"	35083	3	[]	0	[0, 1, 1, -4, 8]	[[1, 2], [-1, 3], [2, 3]]
69, 26, 6, 0.7263157894736842

"35234.b1"	35234	3	[]	0	[1, 1, 0, -181, 749]	[[-5, 42], [74, 595], [34/3, 265/3]]
68, 24, 14, 0.7391304347826086

"35243.a1"	35243	3	[]	0	[1, 0, 0, -22, 21]	[[-1, 7], [12, 33], [5, 4]]
66, 28, 11, 0.7021276595744681

"35882.a1"	35882	3	[]	0	[1, -1, 0, -64, 244]	[[13, 32], [2, 10], [-1, 18]]
73, 18, 9, 0.8021978021978022

"36094.b1"	36094	3	[]	0	[1, -1, 1, -162, 1185]	[[1, 31], [9, 15], [17, 47]]
76, 18, 14, 0.8085106382978723

"36739.a1"	36739	3	[]	0	[1, 1, 1, -14, -24]	[[-2, 1], [-3, 2], [-9/2, 15/2]]
71, 24, 11, 0.7473684210526316

"37229.a1"	37229	3	[]	0	[1, 0, 0, -9, 4]	[[0, 2], [-1, 4], [-3, 4]]
72, 22, 9, 0.7659574468085106

"37544.a1"	37544	3	[]	0	[0, 1, 0, -177, 1171]	[[11, 26], [63, 494], [-13, 38]]
68, 24, 9, 0.7391304347826086

"38439.a1"	38439	3	[]	0	[0, 0, 1, -57, 76]	[[1, 4], [-2, 13], [-8, 4]]
68, 26, 11, 0.723404255319149

"38600.a1"	38600	3	[]	0	[0, 0, 0, -175, 850]	[[5, 10], [-5, 40], [10, 10]]
69, 23, 8, 0.75

"38601.a1"	38601	3	[]	0	[0, 0, 1, 3, 16]	[[-2, 1], [1, 4], [-1, 3]]
70, 24, 9, 0.7446808510638298

"39023.a1"	39023	3	[]	0	[1, -1, 1, -6, 12]	[[2, 1], [0, 3], [3, 2]]
72, 23, 10, 0.7578947368421053

"39077.a1"	39077	3	[]	0	[0, 1, 1, -90, 300]	[[5, 0], [6, 3], [2, 11]]
66, 28, 9, 0.7021276595744681

"39289.a1"	39289	3	[]	0	[0, 1, 1, -257, 1500]	[[-14, 50], [45/2, 97/2], [76/3, 37/3]]
76, 17, 13, 0.8172043010752689

"39883.a1"	39883	3	[]	0	[0, 1, 1, -14, 18]	[[2, 1], [1, 2], [3, 3]]
71, 24, 6, 0.7473684210526316

"40331.a1"	40331	3	[]	0	[0, -1, 1, 8, -8]	[[1, 0], [2, 3], [4, 8]]
74, 20, 8, 0.7872340425531915

"40929.a1"	40929	3	[]	0	[0, -1, 1, -42, 110]	[[0, 10], [3, 1], [-7, 3]]
73, 20, 14, 0.7849462365591398

"41001.a1"	41001	3	[]	0	[0, -1, 1, -134, 644]	[[7, 0], [8, 4], [6, 4]]
70, 22, 12, 0.7608695652173914

"41107.a1"	41107	3	[]	0	[0, 1, 1, -82, 182]	[[-2, 18], [35, 203], [13, 38]]
74, 18, 13, 0.8043478260869565

"41406.a1"	41406	3	[]	0	[1, 1, 0, -69, 189]	[[6, 3], [3, 3], [5, -3]]
66, 25, 12, 0.7252747252747253

"41775.a1"	41775	3	[]	0	[0, -1, 1, -58, 168]	[[7, 7], [2, 7], [-3, 17]]
73, 20, 12, 0.7849462365591398

"41785.a1"	41785	3	[]	0	[0, 1, 1, -286, 1766]	[[7, 12], [9, 1], [-18, 37]]
70, 22, 9, 0.7608695652173914

"41933.a1"	41933	3	[]	0	[1, 0, 0, -95, 346]	[[3, 8], [5, -4], [46/3, -50/3]]
71, 23, 9, 0.7553191489361702

"42093.a1"	42093	3	[]	0	[0, 0, 1, -21, 22]	[[1, 1], [4, 1], [-2, 7]]
58, 36, 7, 0.6170212765957447

"42153.a1"	42153	3	[]	0	[0, -1, 1, -6, 20]	[[0, 4], [3, 4], [-3, 1]]
68, 26, 15, 0.723404255319149

"42190.a1"	42190	3	[]	0	[1, 0, 1, -19, 42]	[[1, 4], [-4, 9], [6, 9]]
71, 22, 14, 0.7634408602150538

"42264.a1"	42264	3	[]	0	[0, 0, 0, -252, 1620]	[[6, 18], [12, 18], [-6, 54]]
70, 23, 13, 0.7526881720430108

"42384.a1"	42384	3	[]	0	[0, -1, 0, -80, 336]	[[8, 12], [-4, 24], [4, 8]]
68, 25, 11, 0.7311827956989247

"42526.a1"	42526	3	[]	0	[1, 0, 1, -78, 272]	[[4, 3], [-7, 25], [1, 13]]
75, 18, 10, 0.8064516129032258

"42528.a1"	42528	3	[]	0	[0, -1, 0, -65, 81]	[[-7, 12], [1, 4], [-1, 12]]
66, 26, 12, 0.717391304347826

"42584.a1"	42584	3	[]	0	[0, 1, 0, -44, 112]	[[2, 6], [4, 4], [6, 10]]
67, 27, 11, 0.7127659574468085

"43556.a1"	43556	3	[]	0	[0, 1, 0, -14, 1]	[[0, 1], [-2, 5], [-4, 3]]
74, 20, 11, 0.7872340425531915

"43669.a1"	43669	3	[]	0	[0, 0, 1, -19, 30]	[[2, 0], [3, 0], [1, 3]]
66, 29, 10, 0.6947368421052632

"43730.a1"	43730	3	[]	0	[1, -1, 0, -184, 940]	[[11, 7], [6, 2], [1, 27]]
76, 17, 13, 0.8172043010752689

"43976.a1"	43976	3	[]	0	[0, 0, 0, -31, 34]	[[1, 2], [5, 2], [-3, 10]]
70, 22, 9, 0.7608695652173914

"44012.a1"	44012	3	[]	0	[0, -1, 0, -65, 226]	[[5, 1], [3, 7], [6, 4]]
68, 26, 7, 0.723404255319149

"44233.a1"	44233	3	[]	0	[1, 1, 1, -137, 600]	[[-8, 39], [63, 465], [7, 3]]
67, 25, 11, 0.7282608695652174

"44409.a1"	44409	3	[]	0	[1, 1, 1, -45, 96]	[[4, -1], [3, -3], [2, 3]]
65, 27, 15, 0.7065217391304348

"44755.a1"	44755	3	[]	0	[0, 1, 1, -410, 3306]	[[5, 37], [-20, 62], [45/2, 121/2]]
73, 21, 9, 0.776595744680851

"44755.b1"	44755	3	[]	0	[0, 1, 1, 9, 0]	[[0, 0], [2, 5], [10, 34]]
70, 24, 11, 0.7446808510638298

"44794.b1"	44794	3	[]	0	[1, 0, 0, -155, 721]	[[6, 1], [10, 9], [8, -7]]
71, 23, 13, 0.7553191489361702

"44860.a1"	44860	3	[]	0	[0, 0, 0, -28, 73]	[[4, 5], [-6, 5], [-1, 10]]
71, 22, 12, 0.7634408602150538

"44869.a1"	44869	3	[]	0	[1, 1, 1, -222, -410]	[[20, 50], [-2, 6], [-43/4, 901/4]]
64, 30, 7, 0.6808510638297872

"45123.a1"	45123	3	[]	0	[0, -1, 1, -30, 2]	[[9, 19], [-4, 6], [-3/2, 35/2]]
72, 20, 12, 0.782608695652174

"45352.a1"	45352	3	[]	0	[0, 1, 0, -137, 571]	[[7, 2], [5, 6], [6, 1]]
68, 26, 4, 0.723404255319149

"45985.a1"	45985	3	[]	0	[0, 1, 1, -76, 230]	[[4, 2], [5, 0], [2, 9]]
71, 22, 13, 0.7634408602150538

"46024.a1"	46024	3	[]	0	[0, 1, 0, -65, 259]	[[-5, 22], [6, 11], [17, 66]]
68, 25, 9, 0.7311827956989247

"46222.a1"	46222	3	[]	0	[1, -1, 0, -61, 193]	[[3, 4], [-8, -7], [14, 37]]
70, 22, 10, 0.7608695652173914

"46307.a1"	46307	3	[]	0	[1, 0, 0, -9, -2]	[[-1, 3], [-2, 4], [-3, 2]]
70, 25, 8, 0.7368421052631579

"46462.a1"	46462	3	[]	0	[1, 0, 1, -53, 132]	[[6, 3], [-7, 16], [5, -2]]
68, 25, 12, 0.7311827956989247

"46672.a1"	46672	3	[]	0	[0, 0, 0, -67, 130]	[[1, 8], [9, 16], [-7, 16]]
73, 21, 8, 0.776595744680851

"46896.a1"	46896	3	[]	0	[0, -1, 0, -72, 144]	[[0, 12], [8, 4], [-8, 12]]
70, 23, 11, 0.7526881720430108

"47087.a1"	47087	3	[]	0	[1, -1, 1, -31, 72]	[[3, -3], [4, -1], [-5, 11]]
72, 23, 7, 0.7578947368421053

"47440.a1"	47440	3	[]	0	[0, 1, 0, -576, 5140]	[[12, 10], [14, 4], [6, 44]]
67, 26, 12, 0.7204301075268817

"47453.a1"	47453	3	[]	0	[0, 0, 1, -19, 42]	[[2, 3], [-5, 3], [9, 24]]
67, 27, 13, 0.7127659574468085

"47696.a1"	47696	3	[]	0	[0, 1, 0, -472, 3684]	[[8, 22], [30, 132], [74, 616]]
71, 21, 10, 0.7717391304347826

"47976.a1"	47976	3	[]	0	[0, -1, 0, -52, 196]	[[4, 6], [-8, 6], [10, 24]]
73, 20, 12, 0.7849462365591398

"48272.a1"	48272	3	[]	0	[0, 0, 0, -19, 226]	[[9, 28], [-5, 14], [2, 14]]
68, 24, 5, 0.7391304347826086

"48434.a1"	48434	3	[]	0	[1, 0, 1, -227, 1374]	[[2, 29], [63, 456], [79/3, 112/3]]
71, 21, 11, 0.7717391304347826

"48444.a1"	48444	3	[]	0	[0, -1, 0, -170, 921]	[[10, 11], [8, 3], [29/2, 33/2]]
70, 21, 11, 0.7692307692307693

"48734.a1"	48734	3	[]	0	[1, 0, 1, -1135, 14742]	[[31, 82], [17, 12], [10, 61]]
60, 32, 6, 0.6521739130434783

"48734.a2"	48734	3	[]	0	[1, 0, 1, 45, 110]	[[7, 24], [-1, 8], [63, 472]]
54, 38, 6, 0.5869565217391305

"48746.a1"	48746	3	[]	0	[1, 0, 0, -15, 121]	[[-2, 13], [6, 13], [2, 9]]
67, 27, 11, 0.7127659574468085

"48856.a1"	48856	3	[]	0	[0, 1, 0, -1465, 21099]	[[29, 62], [23, 10], [21, 6]]
73, 19, 9, 0.7934782608695652

"49183.a1"	49183	3	[]	0	[1, 0, 0, -1611, 24754]	[[38, 118], [205/3, -239/3], [22, -2]]
74, 19, 11, 0.7956989247311828

"49259.a1"	49259	3	[]	0	[1, -1, 1, 159, -450]	[[4, 13], [66, 509], [24, 117]]
60, 32, 6, 0.6521739130434783

"49411.a1"	49411	3	[]	0	[0, 1, 1, -9, 12]	[[2, 2], [0, 3], [4, 7]]
71, 24, 6, 0.7473684210526316

"49626.a1"	49626	3	[]	0	[1, -1, 0, -9, 49]	[[2, 5], [-4, 5], [-1, 8]]
68, 25, 16, 0.7311827956989247

"49648.a1"	49648	3	[]	0	[0, 0, 0, -2011, 34714]	[[19, 58], [25, 8], [27, 10]]
71, 21, 6, 0.7717391304347826

"49831.a1"	49831	3	[]	0	[1, 0, 0, -79, 264]	[[5, -3], [4, 2], [-1, 19]]
77, 18, 7, 0.8105263157894737

"50029.a1"	50029	3	[]	0	[0, 1, 1, -30, 60]	[[2, 3], [-5, 10], [9, 24]]
73, 21, 13, 0.776595744680851

"50121.a1"	50121	3	[]	0	[0, 0, 1, -147, 706]	[[7, 4], [4, 13], [16, 49]]
70, 24, 4, 0.7446808510638298

"50360.a1"	50360	3	[]	0	[0, 0, 0, -28, 148]	[[4, 10], [-6, 10], [14, 50]]
68, 25, 11, 0.7311827956989247

"50382.b1"	50382	3	[]	0	[1, -1, 0, -51, 161]	[[4, 1], [1, 10], [7, 7]]
73, 19, 9, 0.7934782608695652

"50744.a1"	50744	3	[]	0	[0, 1, 0, -20, 64]	[[2, 6], [-2, 10], [4, 8]]
69, 25, 5, 0.7340425531914894

"50862.a1"	50862	3	[]	0	[1, 1, 0, -172, 820]	[[6, 4], [-8, 46], [34, 172]]
70, 21, 11, 0.7692307692307693

"51034.a1"	51034	3	[]	0	[1, -1, 0, -91, -167]	[[31, 146], [-3, -7], [12, 13]]
71, 20, 13, 0.7802197802197802

"51052.a1"	51052	3	[]	0	[0, 1, 0, -169, 792]	[[7, 1], [9, 9], [13, 31]]
61, 33, 6, 0.648936170212766

"51065.a1"	51065	3	[]	0	[0, 1, 1, -56, 156]	[[-3, 17], [4, 3], [11, 31]]
69, 24, 12, 0.7419354838709677

"51094.a1"	51094	3	[]	0	[1, -1, 0, -1169, 15709]	[[66, 439], [18, 7], [87/2, 31/2]]
71, 21, 13, 0.7717391304347826

"51317.a1"	51317	3	[]	0	[1, -1, 1, -9, 204]	[[8, 20], [1, 13], [-17/2, 111/2]]
67, 27, 7, 0.7127659574468085

"51536.a1"	51536	3	[]	0	[0, 1, 0, -72, 196]	[[6, 4], [2, 8], [10, 24]]
65, 29, 7, 0.6914893617021277

"51822.a1"	51822	3	[]	0	[1, -1, 0, -279, 1849]	[[11, -1], [8, 5], [20, 53]]
66, 27, 8, 0.7096774193548387

"51962.a1"	51962	3	[]	0	[1, -1, 0, -31, 73]	[[4, -1], [2, 3], [3, -2]]
61, 33, 8, 0.648936170212766

"52013.a1"	52013	3	[]	0	[1, -1, 1, -33, 90]	[[7, 9], [-6, 9], [4, 1]]
71, 23, 12, 0.7553191489361702

"52158.a1"	52158	3	[]	0	[1, 1, 0, -7, 25]	[[-2, 7], [4, 7], [1, 4]]
69, 24, 14, 0.7419354838709677

"52277.b1"	52277	3	[]	0	[0, 1, 1, -15, 15]	[[1, 1], [3, 2], [-3, 6]]
65, 29, 10, 0.6914893617021277

"52396.a1"	52396	3	[]	0	[0, -1, 0, -532, 4904]	[[14, 2], [10, 22], [17, 22]]
68, 26, 10, 0.723404255319149

"53022.a1"	53022	3	[]	0	[1, 1, 0, -17, -15]	[[-4, 5], [-1, 2], [-2, 5]]
72, 21, 6, 0.7741935483870968

"53083.a1"	53083	3	[]	0	[0, 1, 1, -20, 30]	[[2, 1], [3, 2], [1, 3]]
65, 28, 13, 0.6989247311827957

"53122.a1"	53122	3	[]	0	[1, -1, 0, 47, -35]	[[2, 7], [18, 71], [34, 183]]
74, 20, 6, 0.7872340425531915

"53237.a1"	53237	3	[]	0	[0, 1, 1, -10, -10]	[[-1, 0], [-2, 2], [-3, 1]]
67, 26, 13, 0.7204301075268817

"53238.a1"	53238	3	[]	0	[1, 1, 0, -22, 40]	[[4, 4], [-2, -8], [1, 4]]
73, 18, 6, 0.8021978021978022

"53461.a1"	53461	3	[]	0	[0, -1, 1, -16, 28]	[[2, 0], [1, 3], [4, 3]]
67, 26, 12, 0.7204301075268817

"53486.b1"	53486	3	[]	0	[1, -1, 0, -344, 2544]	[[12, 0], [11, -6], [-4, 64]]
72, 21, 15, 0.7741935483870968

"53916.a1"	53916	3	[]	0	[0, -1, 0, -45, 126]	[[3, 3], [5, 1], [6, 6]]
77, 16, 14, 0.8279569892473119

"53926.c1"	53926	3	[]	0	[1, 0, 0, -92, 784]	[[-8, 36], [8, 20], [24, 100]]
72, 20, 7, 0.782608695652174

"53957.a1"	53957	3	[]	0	[0, 1, 1, -50, 120]	[[4, 0], [3, 2], [5, 4]]
74, 20, 6, 0.7872340425531915

"54489.b1"	54489	3	[]	0	[1, 1, 1, -205, 56]	[[68, 519], [-14, 27], [14, 6]]
71, 21, 10, 0.7717391304347826

"54512.a1"	54512	3	[]	0	[0, 0, 0, -91, 346]	[[5, 4], [1, 16], [9, 16]]
68, 26, 10, 0.723404255319149

"55064.a1"	55064	3	[]	0	[0, 1, 0, -19, 30]	[[3, 3], [2, 2], [-1, 7]]
72, 22, 7, 0.7659574468085106

"55783.b1"	55783	3	[]	0	[1, 1, 1, -475, 3786]	[[11, 1], [18, 29], [14, 4]]
72, 21, 12, 0.7741935483870968

"55846.a1"	55846	3	[]	0	[1, -1, 0, -154, 784]	[[7, 0], [0, 28], [8, 0]]
67, 26, 12, 0.7204301075268817

"55935.a1"	55935	3	[]	0	[0, 0, 1, -273, 2178]	[[17, 49], [6, 27], [11, 22]]
70, 21, 6, 0.7692307692307693

"56052.a1"	56052	3	[]	0	[0, 0, 0, -72, 225]	[[6, 3], [0, 15], [4, 1]]
74, 18, 5, 0.8043478260869565

"56441.b1"	56441	3	[]	0	[1, 1, 1, -55, -144]	[[-4, 7], [-6, 6], [8, -1]]
71, 22, 11, 0.7634408602150538

"56982.a1"	56982	3	[]	0	[1, 1, 0, -382, 2740]	[[4, 34], [12, 2], [20, 50]]
74, 19, 7, 0.7956989247311828

"56982.b1"	56982	3	[]	0	[1, 1, 0, -11, 81]	[[-4, 11], [5, 11], [14, 47]]
72, 21, 10, 0.7741935483870968

"58397.a1"	58397	3	[]	0	[1, 0, 0, -35, 76]	[[3, -2], [4, 0], [1, 6]]
78, 16, 11, 0.8297872340425532

"58739.a1"	58739	3	[]	0	[0, 0, 1, -104, 382]	[[38, 226], [1/2, 147/2], [40/3, 62/3]]
72, 21, 12, 0.7741935483870968

"58774.a1"	58774	3	[]	0	[1, -1, 0, 2, 16]	[[0, 4], [-2, 2], [2, 4]]
63, 31, 10, 0.6702127659574468

"58939.a1"	58939	3	[]	0	[0, 1, 1, 9, 9]	[[-1, 0], [1, 4], [-3/2, 9/2]]
70, 24, 11, 0.7446808510638298

"59111.a1"	59111	3	[]	0	[0, -1, 1, 0, 42]	[[0, 6], [13, 45], [-2, 5]]
67, 27, 9, 0.7127659574468085

"59614.a1"	59614	3	[]	0	[1, 0, 1, -28, 42]	[[1, 3], [5, 3], [-3, 11]]
64, 29, 7, 0.6881720430107527

"59704.b1"	59704	3	[]	0	[0, -1, 0, -4, 68]	[[-4, 2], [4, 10], [-2, 8]]
74, 18, 9, 0.8043478260869565

"59936.a1"	59936	3	[]	0	[0, 1, 0, -145, 639]	[[7, 4], [5, 8], [-1, 28]]
73, 21, 11, 0.776595744680851

"60055.b1"	60055	3	[]	0	[0, -1, 1, -30, 3306]	[[10, 62], [135, 1562], [-5, 57]]
68, 26, 17, 0.723404255319149

"60128.a1"	60128	3	[]	0	[0, 1, 0, -2, 16]	[[0, 4], [-2, 4], [-3, 2]]
67, 27, 5, 0.7127659574468085

"60215.a1"	60215	3	[]	0	[0, 1, 1, 20, 134]	[[1, 12], [-4, 2], [26, 137]]
70, 24, 6, 0.7446808510638298

"60296.a1"	60296	3	[]	0	[0, -1, 0, -24, -35]	[[-2, 1], [-3, 1], [-11/2, 13/2]]
71, 23, 9, 0.7553191489361702

"60803.b1"	60803	3	[]	0	[0, 1, 1, -65, 195]	[[-5, 20], [21/2, 37/2], [37/3, 89/3]]
60, 34, 8, 0.6382978723404256

"60892.a1"	60892	3	[]	0	[0, 0, 0, -1039, 12886]	[[15, 26], [23, 34], [18, 4]]
70, 23, 10, 0.7526881720430108

"61025.a1"	61025	3	[]	0	[0, 0, 1, -175, -594]	[[-10, 12], [-5, 12], [20, 62]]
65, 29, 12, 0.6914893617021277

"61075.a1"	61075	3	[]	0	[0, 0, 1, -475, 3906]	[[25, 87], [-10, 87], [15, 12]]
64, 28, 12, 0.6956521739130435

"61229.a1"	61229	3	[]	0	[0, 0, 1, 53, 1536]	[[-8, 24], [-1, 38], [6, 45]]
72, 22, 11, 0.7659574468085106

"61504.a1"	61504	3	[]	0	[0, 0, 0, -124, 496]	[[2, 16], [10, 16], [-6, 32]]
62, 31, 14, 0.6666666666666666

"61598.b1"	61598	3	[]	0	[1, 0, 1, 35, -120]	[[4, 7], [23, 102], [7, 18]]
73, 20, 7, 0.7849462365591398

"61651.a1"	61651	3	[]	0	[1, 0, 0, -12, 19]	[[2, 1], [3, 2], [-1, 6]]
65, 30, 10, 0.6842105263157895

"61672.a1"	61672	3	[]	0	[0, 1, 0, -92, 304]	[[6, 2], [4, 4], [8, 12]]
70, 23, 11, 0.7526881720430108

"61805.a1"	61805	3	[]	0	[1, 0, 0, -71, 226]	[[6, 2], [1, 12], [3, 5]]
74, 18, 17, 0.8043478260869565

"61826.c1"	61826	3	[]	0	[1, 1, 0, -161, 709]	[[9, 5], [-10, 43], [14, 31]]
74, 19, 10, 0.7956989247311828

"61839.a1"	61839	3	[]	0	[1, -1, 1, -17, 20]	[[0, 4], [-3, 7], [1, 1]]
67, 27, 9, 0.7127659574468085

"61886.b1"	61886	3	[]	0	[1, 1, 0, -1591, 27029]	[[46, 209], [-41, 180], [-706/5, 29837/5]]
67, 24, 10, 0.7362637362637363

"61995.a1"	61995	3	[]	0	[0, -1, 1, -26, 32]	[[-4, 7], [1, 2], [6, 7]]
70, 23, 9, 0.7526881720430108

"62078.a1"	62078	3	[]	0	[1, -1, 1, -69, 189]	[[7, 0], [-1, 16], [3, 0]]
69, 25, 5, 0.7340425531914894

"62168.b1"	62168	3	[]	0	[0, 1, 0, -172, 816]	[[6, 6], [8, 4], [2, 22]]
68, 24, 11, 0.7391304347826086

"62246.a1"	62246	3	[]	0	[1, 0, 0, -372, 2704]	[[8, 12], [12, -4], [24, 76]]
66, 28, 7, 0.7021276595744681

"62282.b1"	62282	3	[]	0	[1, 0, 1, -30, -28]	[[-4, 7], [7, 7], [-5, 3]]
72, 19, 12, 0.7912087912087912

"62319.b1"	62319	3	[]	0	[1, 0, 0, -187, -166]	[[-10, 32], [17, 32], [-13/2, 175/2]]
69, 25, 11, 0.7340425531914894

"62546.a1"	62546	3	[]	0	[1, 1, 0, -71, 229]	[[-6, 25], [5, 3], [-10, 13]]
68, 25, 10, 0.7311827956989247

"62576.b1"	62576	3	[]	0	[0, -1, 0, -104, -272]	[[-4, 8], [12, 8], [-3, 2]]
68, 26, 10, 0.723404255319149

"62592.a1"	62592	3	[]	0	[0, -1, 0, -57, 9]	[[-3, 12], [9, 12], [-7, 4]]
68, 24, 9, 0.7391304347826086

"62823.a1"	62823	3	[]	0	[0, -1, 1, -22, 42]	[[4, 1], [1, 4], [2, 1]]
69, 23, 10, 0.75

"63002.a1"	63002	3	[]	0	[1, -1, 0, -394, 3124]	[[-4, 70], [13, 2], [100/3, -14/3]]
66, 26, 16, 0.717391304347826

"63213.a1"	63213	3	[]	0	[0, 1, 1, -90, 20]	[[0, 4], [-9, 13], [18, 67]]
65, 28, 7, 0.6989247311827957

"63298.a1"	63298	3	[]	0	[1, -1, 1, -129, 657]	[[7, 4], [-1, 28], [-9, 36]]
68, 26, 3, 0.723404255319149

"63422.f1"	63422	3	[]	0	[1, -1, 1, -279, 1839]	[[11, -2], [3, 30], [19, 46]]
64, 29, 9, 0.6881720430107527

"63437.a1"	63437	3	[]	0	[1, -1, 1, -93, 30]	[[14, 29], [-1, 11], [87, 759]]
72, 20, 10, 0.782608695652174

"63447.a1"	63447	3	[]	0	[1, 1, 1, -2, 20]	[[0, 4], [-3, 4], [-2, 5]]
70, 24, 7, 0.7446808510638298

"63472.b1"	63472	3	[]	0	[0, 1, 0, 56, 372]	[[-2, 16], [14, 64], [4, 26]]
73, 21, 10, 0.776595744680851

"63574.a1"	63574	3	[]	0	[1, -1, 0, -91, 361]	[[4, 5], [6, -5], [-10, 19]]
68, 23, 13, 0.7472527472527473

"63789.b1"	63789	3	[]	0	[1, 1, 1, -1934, 40592]	[[4, 179], [48, 223], [246, 3688]]
71, 22, 12, 0.7634408602150538

"63936.a1"	63936	3	[]	0	[0, 0, 0, -84, 416]	[[-2, 24], [10, 24], [4, 12]]
74, 18, 11, 0.8043478260869565

"64018.e1"	64018	3	[]	0	[1, 0, 0, -362, 1444]	[[-12, 70], [4, 6], [52, 326]]
72, 22, 10, 0.7659574468085106

"64432.a1"	64432	3	[]	0	[0, 1, 0, -24, 100]	[[2, 8], [-2, 12], [-6, 8]]
66, 28, 6, 0.7021276595744681

"64522.b1"	64522	3	[]	0	[1, 0, 0, 55, 1561]	[[-6, 35], [10, 51], [58, 419]]
73, 21, 12, 0.776595744680851

"64672.a1"	64672	3	[]	0	[0, 1, 0, -102, 364]	[[6, 2], [5, 2], [9, 16]]
66, 26, 8, 0.717391304347826

"64763.a1"	64763	3	[]	0	[0, 0, 1, -1, 12]	[[0, 3], [1, 3], [-2, 2]]
65, 30, 10, 0.6842105263157895

"64776.a1"	64776	3	[]	0	[0, -1, 0, -97, 421]	[[7, 6], [1, 18], [5, 6]]
68, 25, 7, 0.7311827956989247

"65122.b1"	65122	3	[]	0	[1, -1, 1, -339, 2547]	[[11, 2], [-5, 66], [27, 98]]
71, 23, 11, 0.7553191489361702

"65283.a1"	65283	3	[]	0	[1, 0, 0, -370, 2711]	[[11, -4], [14, 11], [47/2, -11/2]]
73, 19, 6, 0.7934782608695652

"65424.a1"	65424	3	[]	0	[0, -1, 0, -120, 576]	[[6, 6], [0, 24], [8, 8]]
65, 26, 10, 0.7142857142857143

"65428.a1"	65428	3	[]	0	[0, 0, 0, -16, 1]	[[0, 1], [-2, 5], [4, 1]]
70, 23, 8, 0.7526881720430108

"65509.a1"	65509	3	[]	0	[0, -1, 1, -347, 2607]	[[11, 0], [9, 11], [177/4, -33/4]]
73, 21, 15, 0.776595744680851

"65515.a1"	65515	3	[]	0	[1, 0, 0, -220, 1275]	[[15, 30], [10, 5], [-10, 55]]
69, 25, 8, 0.7340425531914894

"65563.a1"	65563	3	[]	0	[0, 1, 1, -85, 275]	[[5, 0], [3, 7], [21/2, 5/2]]
68, 27, 10, 0.7157894736842105

"65710.a1"	65710	3	[]	0	[1, -1, 0, -40, 100]	[[0, 10], [5, 0], [10, 20]]
73, 20, 10, 0.7849462365591398

"66170.a1"	66170	3	[]	0	[1, -1, 0, -100, 436]	[[18, 56], [5, 4], [-8, 30]]
63, 29, 11, 0.6847826086956522

"66387.a1"	66387	3	[]	0	[1, 1, 1, -112, 410]	[[5, 0], [6, -5], [23/2, -21/2]]
66, 28, 11, 0.7021276595744681

"66531.a1"	66531	3	[]	0	[1, 1, 1, -604, 5462]	[[14, -9], [20, 33], [5, 48]]
66, 26, 12, 0.717391304347826

"66848.a1"	66848	3	[]	0	[0, 0, 0, -13, 4]	[[-1, 4], [-3, 4], [0, 2]]
75, 19, 9, 0.7978723404255319

"66993.a1"	66993	3	[]	0	[0, 1, 1, -202, 1042]	[[8, 1], [5, 13], [7, 4]]
66, 26, 10, 0.717391304347826

"67037.a1"	67037	3	[]	0	[1, 0, 0, -65, 196]	[[5, -4], [4, 0], [1, 11]]
75, 19, 8, 0.7978723404255319

"67042.a1"	67042	3	[]	0	[1, 0, 0, 6, 100]	[[-4, 6], [0, 10], [-2, 10]]
73, 21, 12, 0.776595744680851

"67064.a1"	67064	3	[]	0	[0, -1, 0, -3004, 64388]	[[8, 202], [32, 2], [28, 38]]
72, 20, 12, 0.782608695652174

"67119.a1"	67119	3	[]	0	[0, 1, 1, -510, 4430]	[[15, 19], [12, 13], [21/2, 347/2]]
68, 25, 9, 0.7311827956989247

"67194.a1"	67194	3	[]	0	[1, -1, 0, -81, 81]	[[0, 9], [-6, 21], [-9, 9]]
70, 23, 9, 0.7526881720430108

"67244.a1"	67244	3	[]	0	[0, -1, 0, -669, 6889]	[[15, 2], [19, 26], [-9, 110]]
62, 32, 7, 0.6595744680851063

"67302.b1"	67302	3	[]	0	[1, -1, 0, -261, 1381]	[[-10, 59], [14, 11], [26, 95]]
66, 27, 7, 0.7096774193548387

"67418.b1"	67418	3	[]	0	[1, 1, 0, -124, 464]	[[8, 4], [-8, 36], [7, -3]]
67, 26, 13, 0.7204301075268817

"67484.a1"	67484	3	[]	0	[0, 0, 0, -1, 25]	[[1, 5], [-1, 5], [-3, 1]]
67, 27, 10, 0.7127659574468085

"67520.e1"	67520	3	[]	0	[0, 0, 0, -532, 5344]	[[18, 40], [38, 200], [-12, 100]]
66, 26, 11, 0.717391304347826

"67926.a1"	67926	3	[]	0	[1, 1, 0, -59, 141]	[[2, 5], [5, -1], [14, 41]]
67, 26, 8, 0.7204301075268817

"68309.a1"	68309	3	[]	0	[0, 0, 1, -11, 6]	[[0, 2], [3, 0], [-3, 3]]
73, 21, 11, 0.776595744680851

"68499.a1"	68499	3	[]	0	[0, 0, 1, -459, 3800]	[[12, 4], [3, 49], [30, 130]]
68, 24, 10, 0.7391304347826086

"68594.a1"	68594	3	[]	0	[1, 0, 1, -13, 72]	[[3, 6], [-5, 6], [11, 30]]
65, 29, 4, 0.6914893617021277

"68672.a1"	68672	3	[]	0	[0, 0, 0, -988, 12016]	[[50, 296], [13, 37], [-24, 148]]
72, 20, 13, 0.782608695652174

"68751.a1"	68751	3	[]	0	[1, -1, 1, -104, -196]	[[-6, 16], [-3, 10], [21, 70]]
74, 20, 18, 0.7872340425531915

"68773.a1"	68773	3	[]	0	[0, -1, 1, -296, 2058]	[[-1, 48], [88/3, 35/3], [9, 6]]
69, 25, 15, 0.7340425531914894

"68802.b1"	68802	3	[]	0	[1, 0, 1, -173, 812]	[[3, 16], [9, -2], [12, 16]]
70, 23, 15, 0.7526881720430108

"68811.a1"	68811	3	[]	0	[0, 1, 1, -102, 380]	[[6, 4], [3, 10], [9, 16]]
71, 23, 10, 0.7553191489361702

"68890.b1"	68890	3	[]	0	[1, 0, 1, -1638, 25388]	[[29, 35], [24, -5], [4, 135]]
71, 21, 2, 0.7717391304347826

"68890.b2"	68890	3	[]	0	[1, 0, 1, 22, 156]	[[5, 17], [-3, 9], [21, 89]]
61, 31, 2, 0.6630434782608695

"69158.a1"	69158	3	[]	0	[1, 0, 0, -582, 5476]	[[12, 10], [-20, 106], [44, 234]]
62, 30, 12, 0.6739130434782609

"69232.a1"	69232	3	[]	0	[0, 0, 0, 29, 130]	[[-3, 4], [5, 20], [-1, 10]]
72, 22, 14, 0.7659574468085106

"69309.a1"	69309	3	[]	0	[0, 0, 1, -57, -54]	[[11, 25], [-6, 8], [-7/2, 47/2]]
72, 20, 6, 0.782608695652174

"69321.a1"	69321	3	[]	0	[0, -1, 1, -182, 992]	[[14, 31], [7, 3], [0, 31]]
67, 26, 8, 0.7204301075268817

"69359.a1"	69359	3	[]	0	[0, 0, 1, -377, 2816]	[[21, 64], [41/2, 39/2], [12, 4]]
68, 26, 9, 0.723404255319149

"69402.b1"	69402	3	[]	0	[1, 1, 0, -71, 201]	[[5, -1], [4, -3], [8, 11]]
71, 20, 10, 0.7802197802197802

"69477.b1"	69477	3	[]	0	[1, 1, 1, -7, 20]	[[2, 3], [-4, 0], [5, 9]]
71, 23, 14, 0.7553191489361702

"69668.a1"	69668	3	[]	0	[0, 1, 0, -30, 49]	[[2, 1], [4, 3], [0, 7]]
71, 23, 8, 0.7553191489361702

"69850.a1"	69850	3	[]	0	[1, -1, 0, -142, 616]	[[-1, 28], [10, 6], [14, 28]]
70, 21, 16, 0.7692307692307693

"70022.a1"	70022	3	[]	0	[1, -1, 0, -517, -2603]	[[186, 2419], [29, 64], [-6, 19]]
74, 18, 7, 0.8043478260869565

"70363.a1"	70363	3	[]	0	[0, 0, 1, -1459, 21450]	[[21, 8], [353/4, -49/4], [-13, 195]]
65, 29, 12, 0.6914893617021277

"70397.a1"	70397	3	[]	0	[0, -1, 1, -3418, 78052]	[[35, 8], [32, 20], [298/3, 233/3]]
70, 22, 12, 0.7608695652173914

"70436.a1"	70436	3	[]	0	[0, 1, 0, -22, -39]	[[-2, 1], [-4, 1], [-3, 3]]
63, 31, 5, 0.6702127659574468

"70449.a1"	70449	3	[]	0	[0, -1, 1, -40, 132]	[[4, 4], [-5, 13], [13, 40]]
70, 23, 12, 0.7526881720430108

"70449.b1"	70449	3	[]	0	[0, -1, 1, 82, 1472]	[[20, 103], [2, 40], [113/4, 3073/4]]
68, 25, 7, 0.7311827956989247

"70535.a1"	70535	3	[]	0	[1, -1, 1, -18, 6]	[[0, 2], [5, 2], [10, 22]]
68, 26, 13, 0.723404255319149

"70802.a1"	70802	3	[]	0	[1, 1, 0, -21, 25]	[[0, 5], [4, 3], [3, -1]]
71, 23, 12, 0.7553191489361702

"71145.a1"	71145	3	[]	0	[0, 0, 1, -2793, 56848]	[[1, 232], [94, 790], [32, 15]]
65, 26, 14, 0.7142857142857143

"71215.a1"	71215	3	[]	0	[1, 1, 1, 10, 30]	[[-2, 3], [3, 8], [10, 30]]
66, 28, 8, 0.7021276595744681

"71234.a1"	71234	3	[]	0	[1, 0, 1, -301, 1980]	[[10, -6], [9, 0], [39/2, -51/2]]
65, 29, 12, 0.6914893617021277

"71288.a1"	71288	3	[]	0	[0, 0, 0, -2119, 34186]	[[-23, 266], [243, 3724], [33, 14]]
70, 21, 11, 0.7692307692307693

"71374.a1"	71374	3	[]	0	[1, 1, 0, -57, 145]	[[4, -3], [3, 2], [6, 5]]
71, 21, 13, 0.7717391304347826

"71642.a1"	71642	3	[]	0	[1, -1, 0, -58, -140]	[[-4, 6], [-3, 2], [-5, 5]]
74, 18, 11, 0.8043478260869565

"71688.a1"	71688	3	[]	0	[0, -1, 0, -65, 261]	[[5, 6], [-1, 18], [-7, 18]]
73, 18, 12, 0.8021978021978022

"72091.a1"	72091	3	[]	0	[0, 1, 1, -2, 12]	[[0, 3], [1, 3], [2, 4]]
67, 28, 9, 0.7052631578947368

"72098.a1"	72098	3	[]	0	[1, 1, 0, -329, 2209]	[[0, 47], [47, 282], [21, 61]]
64, 27, 9, 0.7032967032967034

"72266.a1"	72266	3	[]	0	[1, -1, 0, -13, 1]	[[0, 1], [-2, 5], [4, -1]]
67, 26, 16, 0.7204301075268817

"72379.a1"	72379	3	[]	0	[0, 1, 1, -6, 12]	[[0, 3], [2, 3], [-2, 4]]
64, 31, 11, 0.6736842105263158

"72382.a1"	72382	3	[]	0	[1, 1, 0, -64, 176]	[[4, 0], [8, 12], [5, 1]]
71, 23, 11, 0.7553191489361702

"72410.a1"	72410	3	[]	0	[1, -1, 0, -130, 676]	[[0, 26], [13, 26], [3, 16]]
72, 20, 12, 0.782608695652174

"72471.a1"	72471	3	[]	0	[0, -1, 1, -212, 1070]	[[19, 59], [5, 10], [-2, 38]]
76, 15, 15, 0.8351648351648352

"72578.a1"	72578	3	[]	0	[1, -1, 0, -286, 1936]	[[11, 0], [10, -6], [14, 16]]
70, 23, 12, 0.7526881720430108

"72683.a1"	72683	3	[]	0	[1, 1, 1, 19, 42]	[[0, 6], [13, 45], [78, 656]]
73, 21, 16, 0.776595744680851

"72701.a1"	72701	3	[]	0	[1, 1, 1, -2, 12]	[[0, 3], [-2, 4], [-3, 2]]
64, 31, 7, 0.6736842105263158

"72751.a1"	72751	3	[]	0	[0, 1, 1, -420, 3180]	[[-3, 66], [11, 3], [106/3, 53/3]]
73, 20, 7, 0.7849462365591398

"73132.a1"	73132	3	[]	0	[0, 1, 0, -421, 3111]	[[25, 94], [-22, 47], [17, 34]]
76, 16, 10, 0.8260869565217391

"73136.b1"	73136	3	[]	0	[0, 1, 0, -112, 564]	[[4, 14], [-10, 28], [-2, 28]]
73, 20, 9, 0.7849462365591398

"73334.b1"	73334	3	[]	0	[1, 0, 1, -18, 32]	[[3, 1], [1, 3], [2, 1]]
71, 22, 7, 0.7634408602150538

"73397.a1"	73397	3	[]	0	[0, 1, 1, -24, 36]	[[2, 0], [3, 0], [4, 4]]
70, 24, 12, 0.7446808510638298

"73401.a1"	73401	3	[]	0	[0, -1, 1, -4, 24]	[[1, 4], [-2, 4], [4, 7]]
66, 27, 11, 0.7096774193548387

"73434.a1"	73434	3	[]	0	[1, 1, 0, -19, 1]	[[-2, 7], [4, 1], [0, 1]]
75, 18, 10, 0.8064516129032258

"73931.a1"	73931	3	[]	0	[0, -1, 1, -2042, 36222]	[[29, 23], [-18, 258], [27, 6]]
69, 23, 8, 0.75

"74015.a1"	74015	3	[]	0	[0, -1, 1, 84, 72]	[[13, 56], [4/3, 269/3], [126, 1412]]
69, 23, 9, 0.75

"74174.a1"	74174	3	[]	0	[1, 0, 1, -83, 282]	[[5, -2], [3, 6], [6, 0]]
75, 19, 13, 0.7978723404255319

"74179.a1"	74179	3	[]	0	[0, 0, 1, -97, 276]	[[-4, 24], [3, 3], [-11, 3]]
67, 27, 11, 0.7127659574468085

"74216.a1"	74216	3	[]	0	[0, 0, 0, -76, 244]	[[6, 2], [4, 2], [2, 10]]
69, 25, 8, 0.7340425531914894

"74350.a1"	74350	3	[]	0	[1, 0, 1, -51, 98]	[[7, 6], [2, 1], [-8, 6]]
66, 27, 3, 0.7096774193548387

"74434.a1"	74434	3	[]	0	[1, 1, 0, 8, 20]	[[-2, 2], [2, 6], [-1, 4]]
69, 25, 12, 0.7340425531914894

"74451.a1"	74451	3	[]	0	[0, -1, 1, -92, 362]	[[4, 6], [17, 58], [29/2, 35/2]]
68, 23, 9, 0.7472527472527473

"74560.a1"	74560	3	[]	0	[0, 0, 0, -508, 4432]	[[6, 40], [14, 8], [12, 8]]
68, 24, 13, 0.7391304347826086

"74639.a1"	74639	3	[]	0	[1, 1, 1, -121, 462]	[[6, -3], [5, 1], [52/3, -70/3]]
63, 31, 10, 0.6702127659574468

"74864.a1"	74864	3	[]	0	[0, 1, 0, -400, 2964]	[[10, 8], [12, 6], [-6, 72]]
70, 24, 10, 0.7446808510638298

"74921.a1"	74921	3	[]	0	[0, -1, 1, -604, -596]	[[47, 269], [-23, 24], [26, 24]]
75, 17, 14, 0.8152173913043478

"74999.a1"	74999	3	[]	0	[0, -1, 1, 15, 72]	[[6, 18], [0, 8], [10, 33]]
65, 29, 7, 0.6914893617021277

"75159.b1"	75159	3	[]	0	[1, -1, 1, -149, 474]	[[-4, 33], [2, 12], [3, 5]]
68, 25, 9, 0.7311827956989247

"75692.a1"	75692	3	[]	0	[0, 0, 0, 8, 25]	[[-2, 1], [0, 5], [2, 7]]
66, 26, 12, 0.717391304347826

"75729.a1"	75729	3	[]	0	[0, -1, 1, -270, 1802]	[[9, 4], [10, 1], [11, 6]]
69, 25, 8, 0.7340425531914894

"75765.a1"	75765	3	[]	0	[0, -1, 1, -66, 236]	[[3, 7], [6, 4], [5, 2]]
70, 23, 12, 0.7526881720430108

"75772.a1"	75772	3	[]	0	[0, 0, 0, -14872, 698020]	[[12, 722], [69, 19], [164, 1634]]
72, 21, 10, 0.7741935483870968

"75781.a1"	75781	3	[]	0	[0, 0, 1, -13, 12]	[[1, 0], [3, 0], [0, 3]]
74, 21, 12, 0.7789473684210526

"76074.a1"	76074	3	[]	0	[1, 0, 1, -163, 602]	[[13, 20], [4, 2], [-14, -7]]
76, 15, 8, 0.8351648351648352

"76119.a1"	76119	3	[]	0	[0, -1, 1, -50, 152]	[[5, 1], [2, 7], [4, 0]]
71, 23, 14, 0.7553191489361702

"76136.b1"	76136	3	[]	0	[0, -1, 0, -44, 100]	[[2, 4], [0, 10], [6, 4]]
63, 29, 10, 0.6847826086956522

"76338.a1"	76338	3	[]	0	[1, -1, 0, -51, 233]	[[4, 7], [-2, 19], [-8, 13]]
70, 23, 11, 0.7526881720430108

"76358.c1"	76358	3	[]	0	[1, -1, 1, -159, 519]	[[3, 6], [-13, 22], [19, 54]]
67, 26, 12, 0.7204301075268817

"76599.a1"	76599	3	[]	0	[1, -1, 1, -104, 434]	[[6, -5], [3, 10], [7, 0]]
68, 26, 11, 0.723404255319149

"76626.a1"	76626	3	[]	0	[1, -1, 0, -429, 3509]	[[22, 55], [10, 7], [14, 3]]
75, 16, 11, 0.8241758241758241

"76644.a1"	76644	3	[]	0	[0, 0, 0, -192, 1105]	[[8, 9], [2, 27], [-10, 45]]
67, 26, 9, 0.7204301075268817

"76784.a1"	76784	3	[]	0	[0, 0, 0, -1579, 24154]	[[21, 16], [23, 2], [15, 62]]
73, 21, 11, 0.776595744680851

"76784.c1"	76784	3	[]	0	[0, -1, 0, 64, 64]	[[0, 8], [8, 32], [32, 184]]
72, 22, 13, 0.7659574468085106

"76962.c1"	76962	3	[]	0	[1, 0, 1, -628, 6062]	[[16, 5], [7, 41], [13, 5]]
77, 14, 11, 0.8461538461538461

"77063.b1"	77063	3	[]	0	[0, 0, 1, -104, -175]	[[17, 54], [-3, 10], [11, 3]]
72, 20, 7, 0.782608695652174

"77336.a1"	77336	3	[]	0	[0, 1, 0, -140, 784]	[[0, 28], [14, 42], [7, 14]]
73, 20, 7, 0.7849462365591398

"77346.a1"	77346	3	[]	0	[1, -1, 0, 99, 1093]	[[2, 35], [26, 131], [11, 53]]
67, 26, 8, 0.7204301075268817

"77346.b1"	77346	3	[]	0	[1, -1, 0, -276, 1836]	[[10, -6], [9, 0], [39/2, -45/2]]
70, 23, 9, 0.7526881720430108

"77496.f1"	77496	3	[]	0	[0, 1, 0, -660, 6624]	[[6, 54], [24, 72], [15, 18]]
66, 27, 8, 0.7096774193548387

"77555.b1"	77555	3	[]	0	[1, 1, 1, -100, 342]	[[2, 11], [5, -2], [6, -6]]
70, 24, 13, 0.7446808510638298

"77709.a1"	77709	3	[]	0	[1, 1, 1, -20, -34]	[[-3, 4], [-2, 2], [-4, 2]]
69, 25, 8, 0.7340425531914894

"77725.a1"	77725	3	[]	0	[1, 0, 0, -838, 9417]	[[7, 59], [17, 4], [-8, 129]]
74, 20, 6, 0.7872340425531915

"77790.a1"	77790	3	[]	0	[1, 1, 0, -18, 72]	[[6, 12], [-4, 12], [1, 7]]
71, 21, 8, 0.7717391304347826

"78185.a1"	78185	3	[]	0	[1, 0, 0, -1, 30]	[[-2, 6], [3, 6], [1, 5]]
71, 22, 7, 0.7634408602150538

"78242.a1"	78242	3	[]	0	[1, -1, 0, -3016, 64516]	[[30, 4], [87, 631], [826/5, -716/5]]
64, 27, 14, 0.7032967032967034

"78287.a1"	78287	3	[]	0	[1, 1, 1, -74, 210]	[[6, 2], [-5, 24], [10, 19]]
70, 24, 11, 0.7446808510638298

"78344.a1"	78344	3	[]	0	[0, 1, 0, -12, 49]	[[-4, 7], [3, 7], [24, 119]]
76, 17, 13, 0.8172043010752689

"78361.a1"	78361	3	[]	0	[1, -1, 1, -27, 90]	[[-2, 12], [21, 81], [15/2, 27/2]]
69, 25, 13, 0.7340425531914894

"78830.a1"	78830	3	[]	0	[1, 0, 1, -274, 1716]	[[13, 13], [9, -3], [10, -8]]
76, 17, 10, 0.8172043010752689

"78923.a1"	78923	3	[]	0	[0, 0, 1, -676, 7140]	[[0, 84], [26, 84], [169/2, 1855/2]]
70, 23, 8, 0.7526881720430108

"79077.a1"	79077	3	[]	0	[0, 1, 1, -214, 436]	[[-7, 40], [2, 4], [-16, 4]]
70, 23, 10, 0.7526881720430108

"79110.a1"	79110	3	[]	0	[1, -1, 0, -135, 625]	[[5, 5], [8, -7], [20, 65]]
59, 32, 13, 0.6483516483516484

"79198.a1"	79198	3	[]	0	[1, 0, 1, -60, 110]	[[7, 3], [0, 10], [14, 38]]
73, 20, 9, 0.7849462365591398

"79317.a1"	79317	3	[]	0	[0, 0, 1, -129, 1120]	[[22, 94], [1, 31], [-5, 40]]
71, 22, 13, 0.7634408602150538

"79555.a1"	79555	3	[]	0	[1, 0, 0, -361, 2610]	[[11, -6], [13, 6], [10, 0]]
68, 25, 10, 0.7311827956989247

"79675.a1"	79675	3	[]	0	[1, 0, 0, 12, 67]	[[-3, 4], [2, 9], [-2, 7]]
65, 29, 4, 0.6914893617021277

"79934.a1"	79934	3	[]	0	[1, 1, 0, -59, 169]	[[8, 13], [-9, 13], [15/2, 19/2]]
70, 23, 10, 0.7526881720430108

"80212.a1"	80212	3	[]	0	[0, -1, 0, -30, 121]	[[6, 11], [-5, 11], [28, 143]]
76, 17, 7, 0.8172043010752689

"80222.a1"	80222	3	[]	0	[1, -1, 0, -16, -12]	[[-2, 4], [-1, 2], [-3, 3]]
66, 28, 12, 0.7021276595744681

"80351.a1"	80351	3	[]	0	[1, -1, 1, 51, 204]	[[-2, 10], [36, 200], [1, 15]]
64, 30, 10, 0.6808510638297872

"80559.a1"	80559	3	[]	0	[1, -1, 1, -86, 240]	[[8, 0], [-1, 18], [-10, 9]]
68, 26, 11, 0.723404255319149

"80615.a1"	80615	3	[]	0	[0, 1, 1, -2620, 50624]	[[56, 287], [109/2, 111/2], [274/3, 44/3]]
64, 29, 14, 0.6881720430107527

"80674.a1"	80674	3	[]	0	[1, 1, 0, -10697, 420565]	[[95, 475], [-114, 475], [62, -9]]
69, 22, 12, 0.7582417582417582

"80721.a1"	80721	3	[]	0	[1, -1, 1, -113, 618]	[[8, 9], [-1, 27], [26, 108]]
75, 19, 10, 0.7978723404255319

"80913.a1"	80913	3	[]	0	[0, -1, 1, -140, 512]	[[-4, 31], [3, 10], [17, 52]]
70, 23, 12, 0.7526881720430108

"80965.a1"	80965	3	[]	0	[0, 0, 1, -13, -12]	[[-1, 0], [-2, 2], [-3, 0]]
69, 25, 12, 0.7340425531914894

"81063.a1"	81063	3	[]	0	[0, 0, 1, -111, 396]	[[8, 4], [-1, 22], [11, 22]]
72, 22, 17, 0.7659574468085106

"81162.a1"	81162	3	[]	0	[1, -1, 0, -96, 368]	[[4, 4], [7, -2], [8, 4]]
64, 28, 11, 0.6956521739130435

"81234.a1"	81234	3	[]	0	[1, -1, 0, -198, 1080]	[[12, 12], [6, 6], [-6, 48]]
69, 24, 10, 0.7419354838709677

"81494.b1"	81494	3	[]	0	[1, 1, 0, -254, -716]	[[36, 178], [-13, 31], [-68/3, 886/3]]
72, 21, 13, 0.7741935483870968

"81524.a1"	81524	3	[]	0	[0, -1, 0, -517, 4694]	[[-7, 89], [61/2, 89/2], [115/3, 89/3]]
74, 18, 15, 0.8043478260869565

"81939.a1"	81939	3	[]	0	[0, -1, 1, -280, 2172]	[[21, 71], [-5, 58], [-18, 32]]
69, 22, 12, 0.7582417582417582

"82093.b1"	82093	3	[]	0	[1, 1, 1, -45, 106]	[[2, 4], [13, 37], [19/2, 21/2]]
72, 20, 9, 0.782608695652174

"82146.b1"	82146	3	[]	0	[1, 1, 0, -2169, 37989]	[[27, -9], [26, -9], [23, 19]]
71, 22, 8, 0.7634408602150538

"82174.c1"	82174	3	[]	0	[1, 0, 0, -1705, 26841]	[[26, 3], [-6, 195], [34, 75]]
74, 18, 8, 0.8043478260869565

"82288.j1"	82288	3	[]	0	[0, 0, 0, -419, 6306]	[[113, 1184], [17, 64], [-15, 96]]
68, 24, 8, 0.7391304347826086

"82296.a1"	82296	3	[]	0	[0, 0, 0, -207, 1170]	[[9, 6], [3, 24], [7, 8]]
69, 23, 12, 0.75

"82480.a1"	82480	3	[]	0	[0, 1, 0, -136, 660]	[[2, 20], [12, 30], [7, 10]]
77, 16, 11, 0.8279569892473119

"82538.a1"	82538	3	[]	0	[1, 1, 0, -18, 16]	[[0, 4], [1, 0], [-2, 8]]
67, 27, 10, 0.7127659574468085

"82539.b1"	82539	3	[]	0	[1, -1, 1, -11, 46]	[[1, 5], [4, 5], [-2, 8]]
69, 25, 8, 0.7340425531914894

"82547.a1"	82547	3	[]	0	[0, 0, 1, -1267, 17346]	[[14, 48], [19, 11], [42, 195]]
66, 26, 8, 0.717391304347826

"82701.a1"	82701	3	[]	0	[0, 0, 1, -1809, 29612]	[[24, 4], [15, 76], [105/2, 113/2]]
68, 26, 8, 0.723404255319149

"82763.a1"	82763	3	[]	0	[0, -1, 1, -10, 22]	[[2, 2], [1, 3], [4, 5]]
68, 27, 7, 0.7157894736842105

"82808.a1"	82808	3	[]	0	[0, 1, 0, 28, 64]	[[-2, 2], [0, 8], [6, 22]]
73, 20, 13, 0.7849462365591398

"83016.a1"	83016	3	[]	0	[0, 0, 0, -39, 1226]	[[-11, 18], [7, 36], [-5, 36]]
65, 28, 11, 0.6989247311827957

"83105.a1"	83105	3	[]	0	[1, 0, 0, -3031, 64086]	[[26, 42], [59, 273], [15, 141]]
73, 20, 6, 0.7849462365591398

"83111.b1"	83111	3	[]	0	[1, 1, 1, -42, 670]	[[2, 23], [16, 58], [100, 954]]
64, 28, 9, 0.6956521739130435

"83262.b1"	83262	3	[]	0	[1, 1, 0, -21, 9]	[[0, 3], [6, 9], [-3, 9]]
65, 28, 8, 0.6989247311827957

"83350.a1"	83350	3	[]	0	[1, 1, 0, -400, 2000]	[[-20, 60], [5, 10], [-5, 65]]
73, 20, 9, 0.7849462365591398

"83582.e1"	83582	3	[]	0	[1, -1, 0, 430, 1992]	[[6, 66], [236, 3516], [29, 181]]
65, 27, 11, 0.7065217391304348

"83718.a1"	83718	3	[]	0	[1, -1, 0, -216, 1156]	[[14, 20], [5, 11], [11, -1]]
69, 24, 15, 0.7419354838709677

"83798.b1"	83798	3	[]	0	[1, -1, 1, -972, 12495]	[[13, 37], [-9, 147], [205/3, 823/3]]
69, 22, 11, 0.7582417582417582

"83806.a1"	83806	3	[]	0	[1, 0, 1, -52, 114]	[[1, 7], [9, 15], [-7, 15]]
71, 23, 8, 0.7553191489361702

"83876.a1"	83876	3	[]	0	[0, 1, 0, -125, 319]	[[-3, 26], [10, 13], [49, 338]]
69, 24, 12, 0.7419354838709677

"83928.a1"	83928	3	[]	0	[0, -1, 0, -577, 5509]	[[25, 78], [13, 6], [7, 42]]
68, 23, 11, 0.7472527472527473

"84176.c1"	84176	3	[]	0	[0, 0, 0, -59, -134]	[[-3, 4], [-5, 6], [13, 36]]
67, 27, 7, 0.7127659574468085

"84341.a1"	84341	3	[]	0	[1, 1, 1, -58, 132]	[[0, 11], [23/2, 19/2], [-3, 18]]
71, 21, 12, 0.7717391304347826

"84470.a1"	84470	3	[]	0	[1, 0, 1, -48, 506]	[[-5, 27], [5, 17], [-10, 7]]
69, 24, 12, 0.7419354838709677

"84650.a1"	84650	3	[]	0	[1, -1, 0, -67, -59]	[[-6, 13], [-1, 3], [-2, 9]]
69, 24, 12, 0.7419354838709677

"84746.a1"	84746	3	[]	0	[1, 0, 0, -1260, 17296]	[[24, 20], [16, 28], [20, 4]]
72, 22, 3, 0.7659574468085106

"85174.a1"	85174	3	[]	0	[1, 0, 1, -56, 6]	[[-7, 11], [9, 11], [25, 107]]
69, 24, 6, 0.7419354838709677

"85222.a1"	85222	3	[]	0	[1, 0, 1, -40, 90]	[[3, -3], [4, -2], [2, 3]]
65, 29, 13, 0.6914893617021277

"85295.a1"	85295	3	[]	0	[1, 0, 0, -81, 286]	[[5, 1], [-9, 22], [-2, 22]]
72, 21, 9, 0.7741935483870968

"85318.c1"	85318	3	[]	0	[1, -1, 1, -282, 345]	[[-15, 39], [1, 7], [-7, 47]]
71, 22, 8, 0.7634408602150538

"85863.a1"	85863	3	[]	0	[0, -1, 1, -232, 1440]	[[10, 4], [9, 0], [37/2, -1/2]]
68, 26, 10, 0.723404255319149

"85970.a1"	85970	3	[]	0	[1, 0, 1, -164, 786]	[[8, -7], [13, 23], [5, 7]]
66, 27, 10, 0.7096774193548387

"86007.a1"	86007	3	[]	0	[1, 1, 1, -82, 242]	[[8, 9], [-1, 18], [-10, 18]]
75, 19, 13, 0.7978723404255319

"86321.a1"	86321	3	[]	0	[1, 0, 0, -36, 79]	[[3, -2], [2, 3], [5, 3]]
71, 23, 9, 0.7553191489361702

"86487.a1"	86487	3	[]	0	[0, -1, 1, -198, 2774]	[[17, 63], [144, 1714], [-18, 13]]
69, 23, 9, 0.75

"86534.a1"	86534	3	[]	0	[1, 0, 1, -110, 480]	[[-3, 29], [5, 5], [13, 29]]
70, 23, 9, 0.7526881720430108

"86611.a1"	86611	3	[]	0	[0, 0, 1, -157, 756]	[[8, 3], [7, 0], [6, 5]]
68, 26, 16, 0.723404255319149

"86786.a1"	86786	3	[]	0	[1, 0, 1, -45, 152]	[[-1, 14], [6, 7], [-8, 7]]
65, 28, 9, 0.6989247311827957

"86802.c1"	86802	3	[]	0	[1, 1, 0, -1334, 19044]	[[-23, 207], [28, 54], [11, 71]]
71, 19, 8, 0.7888888888888889

"86895.a1"	86895	3	[]	0	[0, 0, 1, -63, 344]	[[9, 22], [-6, 22], [3, 13]]
70, 23, 6, 0.7526881720430108

"86903.c1"	86903	3	[]	0	[0, 1, 1, 115, -390]	[[6, 23], [100, 1010], [40/3, 395/3]]
74, 19, 7, 0.7956989247311828

"87116.a1"	87116	3	[]	0	[0, 1, 0, -174, 841]	[[0, 29], [6, 7], [29/2, 29/2]]
68, 25, 8, 0.7311827956989247

"87130.a1"	87130	3	[]	0	[1, -1, 0, -25, 25]	[[0, 5], [5, 0], [-5, 5]]
69, 24, 10, 0.7419354838709677

"87194.a1"	87194	3	[]	0	[1, 0, 1, -37, 84]	[[3, 0], [1, 6], [4, 0]]
67, 27, 9, 0.7127659574468085

"87228.a1"	87228	3	[]	0	[0, 0, 0, -57, 785]	[[1, 27], [19, 81], [7, 27]]
72, 21, 9, 0.7741935483870968

"87289.a1"	87289	3	[]	0	[1, 1, 1, -132, -20]	[[-10, 25], [83/2, 569/2], [-4, 23]]
73, 21, 11, 0.776595744680851

"87336.a1"	87336	3	[]	0	[0, 0, 0, -399, 3314]	[[13, 18], [1, 54], [-23, 18]]
72, 21, 8, 0.7741935483870968

"87398.b1"	87398	3	[]	0	[1, 0, 1, 3, 20]	[[-1, 4], [1, 4], [-2, 3]]
66, 26, 11, 0.717391304347826

"87634.a1"	87634	3	[]	0	[1, 0, 1, -4358, 110352]	[[36, 3], [-50, 476], [122, 1121]]
64, 29, 13, 0.6881720430107527

"87763.a1"	87763	3	[]	0	[1, -1, 1, -588, -4872]	[[-14, 28], [158, 1877], [28, -8]]
66, 26, 9, 0.717391304347826

"87837.a1"	87837	3	[]	0	[0, -1, 1, -7172, 236912]	[[-26, 636], [-64, 655], [50, 28]]
63, 28, 7, 0.6923076923076923

"87855.c1"	87855	3	[]	0	[1, 1, 1, -141, 588]	[[6, -1], [7, -7], [4, 8]]
71, 22, 8, 0.7634408602150538

"87866.b1"	87866	3	[]	0	[1, -1, 0, 22, 4]	[[0, 2], [4, 10], [24, 106]]
65, 29, 8, 0.6914893617021277

"87914.d1"	87914	3	[]	0	[1, 0, 0, 5, 81]	[[-2, 9], [2, 9], [-4, 3]]
66, 26, 10, 0.717391304347826

"88022.a1"	88022	3	[]	0	[1, 1, 0, -534, 4564]	[[12, 2], [13, -1], [28, 98]]
65, 28, 11, 0.6989247311827957

"88024.a1"	88024	3	[]	0	[0, 0, 0, 14, 1]	[[0, 1], [1, 4], [4, 11]]
69, 25, 10, 0.7340425531914894

"88208.b1"	88208	3	[]	0	[0, 1, 0, -17448, 881332]	[[78, 32], [-114, 1184], [108, 518]]
69, 23, 7, 0.75

"88264.b1"	88264	3	[]	0	[0, 0, 0, -199, 1546]	[[53, 374], [9, 22], [-15, 34]]
70, 21, 7, 0.7692307692307693

"88337.a1"	88337	3	[]	0	[1, 0, 0, -15, 16]	[[1, 1], [3, -1], [0, 4]]
66, 29, 8, 0.6947368421052632

"88362.b1"	88362	3	[]	0	[1, -1, 0, -108, 324]	[[0, 18], [9, 0], [3, 3]]
73, 20, 13, 0.7849462365591398

"88460.a1"	88460	3	[]	0	[0, 1, 0, -310, 2025]	[[10, 5], [5, 25], [-10, 65]]
69, 24, 11, 0.7419354838709677

"88492.a1"	88492	3	[]	0	[0, 1, 0, -49, 120]	[[3, 3], [5, 5], [4, 2]]
64, 30, 8, 0.6808510638297872

"88582.a1"	88582	3	[]	0	[1, 1, 0, -766, 7904]	[[14, 6], [-25, -98], [43/2, 217/2]]
69, 24, 11, 0.7419354838709677

"88705.b1"	88705	3	[]	0	[1, -1, 1, -597, 20946]	[[11, 119], [136, 1494], [-26/3, 4088/3]]
70, 22, 8, 0.7608695652173914

"88754.a1"	88754	3	[]	0	[1, -1, 0, -10, 11412]	[[43, 277], [371/2, 6793/2], [-307/4, 4793/4]]
62, 30, 18, 0.6739130434782609

"88765.a1"	88765	3	[]	0	[1, -1, 1, 18, 6]	[[1, 4], [6, 14], [4, 9]]
69, 23, 12, 0.75

"88883.a1"	88883	3	[]	0	[1, -1, 1, 0, 14]	[[-2, 2], [2, 3], [7, 14]]
76, 19, 6, 0.8

"88975.a1"	88975	3	[]	0	[0, -1, 1, -3, 33]	[[-3, 2], [7, 17], [3, 6]]
66, 28, 10, 0.7021276595744681

"89098.a1"	89098	3	[]	0	[1, 1, 0, -83, 301]	[[6, 5], [-10, 21], [38, 213]]
66, 28, 14, 0.7021276595744681

"89294.a1"	89294	3	[]	0	[1, -1, 1, -84, 567]	[[5, 13], [-11, 13], [-3, 29]]
67, 27, 9, 0.7127659574468085

"89421.a1"	89421	3	[]	0	[1, 1, 1, -1198, 15164]	[[16, 12], [98, 873], [461/4, 3843/4]]
68, 25, 13, 0.7311827956989247

"89428.a1"	89428	3	[]	0	[0, 1, 0, 47, 240]	[[17, 79], [-11/2, 79/2], [-5/3, 395/3]]
66, 26, 12, 0.717391304347826

"89475.a1"	89475	3	[]	0	[1, 1, 1, 37, 1406]	[[15, 67], [0, 37], [90, 817]]
69, 24, 13, 0.7419354838709677

"89574.a1"	89574	3	[]	0	[1, 1, 0, -31, 85]	[[-2, 13], [2, 5], [10, 25]]
67, 26, 11, 0.7204301075268817

"89576.a1"	89576	3	[]	0	[0, -1, 0, -15, 16]	[[1, 1], [-3, 5], [0, 4]]
66, 28, 13, 0.7021276595744681

"89687.b1"	89687	3	[]	0	[1, 0, 0, -14, 13]	[[1, 0], [3, -1], [4, 3]]
80, 14, 9, 0.851063829787234

"89738.a1"	89738	3	[]	0	[1, -1, 0, -31, 61]	[[2, 1], [6, 5], [-6, 1]]
69, 24, 9, 0.7419354838709677

"89992.a1"	89992	3	[]	0	[0, 0, 0, -31, 226]	[[1, 14], [15, 56], [5, 14]]
70, 23, 8, 0.7526881720430108

"90297.c1"	90297	3	[]	0	[0, 0, 1, -114, 412]	[[14, 39], [-23/2, 233/2], [10, 16]]
67, 25, 12, 0.7282608695652174

"90312.h1"	90312	3	[]	0	[0, 1, 0, -620, 6864]	[[34, 162], [16, 36], [-20, 108]]
74, 17, 10, 0.8131868131868132

"90459.a1"	90459	3	[]	0	[0, 0, 1, -1587, 72076]	[[-23, 310], [23, 218], [31, 229]]
73, 19, 15, 0.7934782608695652

"90568.a1"	90568	3	[]	0	[0, 1, 0, -36, -32]	[[-2, 6], [-6, 2], [-4, 8]]
70, 24, 12, 0.7446808510638298

"90644.a1"	90644	3	[]	0	[0, 0, 0, 56, 1]	[[8, 31], [2, 11], [1/2, 31/2]]
68, 23, 12, 0.7472527472527473

"90704.a1"	90704	3	[]	0	[0, 1, 0, -77, -281]	[[-5, 2], [-6, 1], [10, 7]]
67, 27, 6, 0.7127659574468085

"90840.a1"	90840	3	[]	0	[0, -1, 0, -121, 445]	[[13, 30], [3, 10], [-7, 30]]
64, 28, 6, 0.6956521739130435

"90935.a1"	90935	3	[]	0	[0, 1, 1, 34, 426]	[[7, 32], [20, 97], [-2/3, 539/3]]
71, 22, 13, 0.7634408602150538

"90953.a1"	90953	3	[]	0	[1, -1, 1, -261, -5418]	[[23, 7], [118, 1204], [111/2, 607/2]]
68, 26, 8, 0.723404255319149

"91031.a1"	91031	3	[]	0	[0, 1, 1, -9210, 271050]	[[-13, 623], [93/2, 2113/2], [3728, 227577]]
69, 23, 12, 0.75

"91055.a1"	91055	3	[]	0	[0, 1, 1, -46, 110]	[[4, 2], [-1, 12], [9, 22]]
62, 32, 8, 0.6595744680851063

"91248.c1"	91248	3	[]	0	[0, -1, 0, -112, 256]	[[-8, 24], [16, 48], [0, 16]]
71, 22, 9, 0.7634408602150538

"91270.c1"	91270	3	[]	0	[1, 0, 1, -173, 1428]	[[9, 20], [-1, 40], [-11, 50]]
73, 20, 13, 0.7849462365591398

"91341.a1"	91341	3	[]	0	[0, 0, 1, -129, 562]	[[7, 1], [4, 10], [10, 16]]
65, 27, 12, 0.7065217391304348

"91388.a1"	91388	3	[]	0	[0, 1, 0, 54, 793]	[[14, 67], [4, 33], [-8/3, 737/3]]
68, 23, 11, 0.7472527472527473

"91506.b1"	91506	3	[]	0	[1, 1, 0, -481, 3865]	[[13, -2], [12, -7], [11, 2]]
72, 19, 5, 0.7912087912087912

"91607.a1"	91607	3	[]	0	[1, 0, 0, -19, -30]	[[-2, 2], [-3, 3], [6, 6]]
73, 21, 11, 0.776595744680851

"91744.a1"	91744	3	[]	0	[0, 1, 0, -1281, 17263]	[[-21, 188], [26, 47], [187/3, 188/3]]
70, 22, 9, 0.7608695652173914

"91775.a1"	91775	3	[]	0	[0, 1, 1, -38, 84]	[[3, 2], [-2, 12], [4, 3]]
68, 26, 15, 0.723404255319149

"91958.a1"	91958	3	[]	0	[1, 1, 0, -69, -179]	[[-6, 11], [10, 11], [9, 1]]
65, 29, 11, 0.6914893617021277

"91963.a1"	91963	3	[]	0	[0, 0, 1, -11, 20]	[[2, 2], [0, 4], [5, 9]]
67, 27, 7, 0.7127659574468085

"91985.a1"	91985	3	[]	0	[0, 0, 1, -367, 2580]	[[8, 12], [-17, 62], [57/2, 121/2]]
73, 21, 10, 0.776595744680851

"92096.e1"	92096	3	[]	0	[0, -1, 0, -41, 169]	[[5, 8], [-3, 16], [3, 8]]
65, 29, 11, 0.6914893617021277

"92144.a1"	92144	3	[]	0	[0, 1, 0, -1056, 12916]	[[2, 104], [18, 8], [12, 46]]
70, 22, 9, 0.7608695652173914

"92437.a1"	92437	3	[]	0	[0, -1, 1, -24, -36]	[[-2, 0], [-3, 0], [-11/2, 7/2]]
69, 25, 8, 0.7340425531914894

"92437.b1"	92437	3	[]	0	[0, -1, 1, -2158, 38530]	[[-35, 264], [34, 57], [-31/4, 13193/4]]
72, 22, 12, 0.7659574468085106

"92553.b1"	92553	3	[]	0	[1, 1, 1, -22, -40]	[[-4, 3], [-2, 0], [-3, 4]]
62, 32, 7, 0.6595744680851063

"92601.a1"	92601	3	[]	0	[0, 0, 1, 33, 216]	[[-4, 4], [5, 22], [-1, 13]]
69, 25, 8, 0.7340425531914894

"92651.a1"	92651	3	[]	0	[0, -1, 1, -14, 30]	[[2, 2], [3, 2], [0, 5]]
69, 25, 14, 0.7340425531914894

