surjcount, notsurjcount, primeordercount, surjpercentage
"234446.a1"	234446	4	[]	0	[1, -1, 0, -79, 289]	[[6, -1], [4, 3], [5, -2], [8, 7]]
76, 18, 8, 0.8085106382978723

"501029.a1"	501029	4	[]	0	[0, 1, 1, -72, 210]	[[5, 0], [4, 1], [3, 5], [6, 5]]
74, 21, 9, 0.7789473684210526

"545723.a1"	545723	4	[]	0	[0, 0, 1, -7, 36]	[[1, 5], [2, 5], [4, 8], [-2, 6]]
74, 21, 11, 0.7789473684210526

"602461.a1"	602461	4	[]	0	[1, 0, 0, -202, 1089]	[[8, -3], [7, 2], [9, 0], [0, 33]]
70, 25, 8, 0.7368421052631579

"797611.a1"	797611	4	[]	0	[0, 1, 1, -2, 42]	[[1, 6], [0, 6], [-4, 1], [-3, 5]]
71, 24, 9, 0.7473684210526316

"812011.a1"	812011	4	[]	0	[0, 1, 1, -32, 72]	[[3, 3], [2, 4], [1, 6], [-2, 11]]
84, 11, 6, 0.8842105263157894

"887657.a1"	887657	4	[]	0	[1, 0, 0, -49, 120]	[[3, 0], [5, 0], [1, 8], [13, 35]]
75, 20, 12, 0.7894736842105263

"953243.a1"	953243	4	[]	0	[0, 0, 1, -67, 216]	[[4, 3], [3, 6], [5, 2], [6, 5]]
77, 18, 13, 0.8105263157894737

"1000033.a1"	1000033	4	[]	0	[1, 0, 0, -25, 66]	[[3, 3], [2, 4], [-1, 10], [5, 6]]
74, 21, 8, 0.7789473684210526

"1129211.a1"	1129211	4	[]	0	[0, 0, 1, -19, 60]	[[2, 5], [1, 6], [3, 5], [-3, 9]]
74, 21, 11, 0.7789473684210526

"1241437.a1"	1241437	4	[]	0	[0, -1, 1, -35, 72]	[[2, 2], [0, 8], [6, 6], [-4, 11]]
76, 19, 11, 0.8

"1321589.a1"	1321589	4	[]	0	[0, 1, 1, -59, 147]	[[3, 2], [5, 1], [1, 9], [-9, 5]]
74, 21, 5, 0.7789473684210526

"1549501.a1"	1549501	4	[]	0	[1, 0, 0, -12, 61]	[[-3, -7], [4, 7], [-4, 9], [-5, 1]]
76, 19, 8, 0.8

"1736437.a1"	1736437	4	[]	0	[0, -1, 1, -160, 832]	[[8, 0], [7, 2], [5, 11], [10, 11]]
83, 12, 12, 0.8736842105263158

"1740197.a1"	1740197	4	[]	0	[0, 1, 1, -30, 0]	[[-1, 5], [-4, 8], [0, 0], [-2, 7]]
78, 17, 11, 0.8210526315789474

"1764029.a1"	1764029	4	[]	0	[1, 0, 0, -34, 39]	[[1, 2], [5, -3], [-2, 11], [-5, -7]]
77, 18, 15, 0.8105263157894737

"2184811.a1"	2184811	4	[]	0	[0, 1, 1, 16, 72]	[[-1, 7], [0, 8], [-3, 2], [3, 12]]
74, 21, 12, 0.7789473684210526

"2216309.a1"	2216309	4	[]	0	[0, 1, 1, -142, 602]	[[7, 0], [6, 1], [8, 6], [5, 6]]
74, 21, 8, 0.7789473684210526

"2609963.a1"	2609963	4	[]	0	[0, 0, 1, -31, 102]	[[4, 6], [-1, 11], [5, 8], [1, 8]]
71, 24, 6, 0.7473684210526316

"2614763.a1"	2614763	4	[]	0	[0, -1, 1, -10, 82]	[[1, 8], [-1, 9], [4, 9], [-4, 6]]
78, 17, 10, 0.8210526315789474

"2697179.a1"	2697179	4	[]	0	[0, -1, 1, -46, 160]	[[5, 5], [2, 8], [7, 11], [10, 24]]
68, 27, 12, 0.7157894736842105

"3001421.a1"	3001421	4	[]	0	[0, 1, 1, -141, 594]	[[6, 0], [8, 6], [4, 10], [21/2, 37/2]]
74, 21, 13, 0.7789473684210526

"3254773.a1"	3254773	4	[]	0	[1, 0, 0, -59, 190]	[[3, 5], [2, 8], [7, 8], [-3, 20]]
64, 31, 8, 0.6736842105263158

"3261221.a1"	3261221	4	[]	0	[1, -1, 1, 36, 12]	[[0, 3], [1, 6], [2, 8], [6, 17]]
76, 19, 9, 0.8

"3280363.a1"	3280363	4	[]	0	[0, 1, 1, -60, 180]	[[4, 4], [2, 8], [5, 5], [-1, 15]]
77, 18, 8, 0.8105263157894737

"3349097.a1"	3349097	4	[]	0	[1, 0, 0, -864, 9703]	[[17, -8], [18, -1], [14, 13], [3, 83]]
70, 25, 9, 0.7368421052631579

"3525883.a1"	3525883	4	[]	0	[0, 1, 1, -20, 90]	[[1, 8], [0, 9], [-5, 9], [-6, 5]]
72, 23, 7, 0.7578947368421053

"3643883.a1"	3643883	4	[]	0	[0, 0, 1, -37, 126]	[[4, 6], [1, 9], [3, 6], [-3, 14]]
69, 26, 10, 0.7263157894736842

"3651607.a1"	3651607	4	[]	0	[1, -1, 1, -96, 372]	[[5, -4], [8, 4], [10, 13], [4, 4]]
72, 23, 14, 0.7578947368421053

"3744737.a1"	3744737	4	[]	0	[1, 0, 0, -115, 456]	[[7, -6], [4, 6], [5, 1], [8, 4]]
83, 12, 11, 0.8736842105263158

"3806051.a1"	3806051	4	[]	0	[1, 1, 1, 38, 42]	[[-1, 2], [0, 6], [2, 10], [3/2, 61/2]]
76, 19, 13, 0.8

"4032949.a1"	4032949	4	[]	0	[0, -1, 1, -72, 240]	[[3, 6], [7, 5], [4, 0], [10, 20]]
76, 19, 10, 0.8

"4036069.c1"	4036069	4	[]	0	[0, 0, 1, -21184, 1186752]	[[84, 0], [80, 63], [70, 216], [3025/6, -107/6]]
71, 24, 10, 0.7473684210526316

"4077611.a1"	4077611	4	[]	0	[0, 0, 1, -19, 102]	[[2, 8], [3, 8], [5, 11], [-2, 11]]
68, 27, 15, 0.7157894736842105

"4092701.a1"	4092701	4	[]	0	[1, 1, 1, -542, 4632]	[[13, -6], [12, 0], [10, 13], [55/2, -97/2]]
77, 18, 10, 0.8105263157894737

"4225973.a1"	4225973	4	[]	0	[0, 1, 1, -228, 1248]	[[8, 0], [9, 2], [6, 11], [3, 24]]
79, 16, 14, 0.8315789473684211

"4248019.a1"	4248019	4	[]	0	[0, 1, 1, 9, -96]	[[4, 4], [6, 14], [8, 23], [24, 120]]
69, 26, 11, 0.7263157894736842

"4258363.a1"	4258363	4	[]	0	[0, 1, 1, -110, 420]	[[6, 3], [5, 4], [9, 15], [7, 6]]
77, 18, 9, 0.8105263157894737

"4343629.a1"	4343629	4	[]	0	[0, -1, 1, -129, 600]	[[6, 2], [10, 14], [4, 11], [0, 24]]
69, 26, 11, 0.7263157894736842

"4459157.a1"	4459157	4	[]	0	[0, 0, 1, -65, 174]	[[3, 2], [6, 0], [1, 10], [-9, 5]]
71, 24, 11, 0.7473684210526316

"4513931.a1"	4513931	4	[]	0	[0, -1, 1, -24, 120]	[[-2, 12], [6, 12], [-5, 9], [-6, 3]]
79, 16, 11, 0.8315789473684211

"4573691.a1"	4573691	4	[]	0	[0, -1, 1, -72, 282]	[[4, 6], [7, 8], [6, 5], [1, 14]]
75, 20, 15, 0.7894736842105263

"4592017.a1"	4592017	4	[]	0	[1, -1, 1, -42, 0]	[[-2, 9], [-4, -8], [0, 0], [-5, 10]]
76, 19, 7, 0.8

"4695371.a1"	4695371	4	[]	0	[0, 0, 1, -109, 450]	[[6, 3], [7, 5], [2, 15], [5, 5]]
75, 20, 9, 0.7894736842105263

"4732603.a1"	4732603	4	[]	0	[0, 1, 1, -1930, 32000]	[[25, 0], [26, 8], [23, 17], [19, 50]]
80, 15, 9, 0.8421052631578947

"4839157.a1"	4839157	4	[]	0	[0, 0, 1, -61, -150]	[[-3, 2], [-6, 0], [-4, 5], [-5, 5]]
78, 17, 13, 0.8210526315789474

"4883953.a1"	4883953	4	[]	0	[1, 0, 0, -784, 8385]	[[16, -9], [17, -2], [15, 0], [-19, 138]]
68, 27, 10, 0.7157894736842105

"4953023.a1"	4953023	4	[]	0	[1, -1, 1, -87, 350]	[[6, 1], [4, 5], [2, 12], [-3, 25]]
72, 23, 10, 0.7578947368421053

"5031193.a1"	5031193	4	[]	0	[1, 0, 0, -55, 186]	[[5, 4], [6, 6], [-1, 16], [1, 11]]
75, 20, 11, 0.7894736842105263

"5097403.a1"	5097403	4	[]	0	[0, 1, 1, -380, 2730]	[[11, 1], [10, 5], [12, 6], [7, 21]]
67, 28, 10, 0.7052631578947368

"5235679.a1"	5235679	4	[]	0	[1, -1, 1, -17109, 865614]	[[76, -35], [303/2, -309/2], [79, 9], [1213/4, -2415/4]]
76, 19, 9, 0.8

"5256283.a1"	5256283	4	[]	0	[0, 1, 1, -220, 1190]	[[8, 2], [9, 4], [10, 9], [7, 6]]
75, 20, 11, 0.7894736842105263

"5304331.a1"	5304331	4	[]	0	[0, 1, 1, -132, 552]	[[6, 3], [5, 6], [8, 8], [7, 4]]
71, 24, 10, 0.7473684210526316

"5366539.a1"	5366539	4	[]	0	[1, -1, 1, -204, 1164]	[[8, -5], [9, -4], [6, 8], [12, 12]]
72, 23, 5, 0.7578947368421053

"5388869.a1"	5388869	4	[]	0	[0, 1, 1, -62, 132]	[[1, 8], [0, 11], [2, 4], [6, 3]]
75, 20, 13, 0.7894736842105263

"5830271.a1"	5830271	4	[]	0	[1, -1, 1, -54, 204]	[[3, 6], [8, 11], [6, 5], [4, 4]]
69, 26, 7, 0.7263157894736842

"6267083.a1"	6267083	4	[]	0	[0, -1, 1, -20, 132]	[[3, 9], [5, 11], [-4, 11], [-3, 12]]
67, 28, 14, 0.7052631578947368

"6331289.a1"	6331289	4	[]	0	[1, 0, 0, -62, -149]	[[-3, 5], [-5, 9], [-6, 7], [9, 2]]
71, 24, 13, 0.7473684210526316

"6489179.a1"	6489179	4	[]	0	[0, -1, 1, -136, 670]	[[7, 3], [8, 5], [5, 9], [10, 14]]
76, 19, 18, 0.8

"6615361.a1"	6615361	4	[]	0	[1, -1, 1, -19, 132]	[[4, 8], [0, 11], [6, 11], [-6, 3]]
76, 19, 8, 0.8

"6654059.a1"	6654059	4	[]	0	[0, 0, 1, -73, 270]	[[5, 5], [4, 6], [-1, 18], [2, 11]]
68, 27, 9, 0.7157894736842105

"7428599.a1"	7428599	4	[]	0	[1, 0, 0, -732, 7561]	[[16, -5], [15, -4], [9, 37], [21, 29]]
73, 22, 11, 0.7684210526315789

"7555049.a1"	7555049	4	[]	0	[1, -1, 1, 42, -90]	[[2, -2], [9, 26], [4, 9], [17, 64]]
74, 21, 9, 0.7789473684210526

"7849643.a1"	7849643	4	[]	0	[0, -1, 1, -4, 136]	[[1, 11], [2, 11], [8, 23], [-4, 8]]
72, 23, 8, 0.7578947368421053

"7852171.a1"	7852171	4	[]	0	[0, 1, 1, -254, 1482]	[[9, 2], [10, 6], [12, 17], [6, 14]]
77, 18, 14, 0.8105263157894737

"7873589.a1"	7873589	4	[]	0	[0, 1, 1, -122, 462]	[[5, 1], [7, 0], [3, 11], [10, 18]]
73, 22, 7, 0.7684210526315789

"8047771.a1"	8047771	4	[]	0	[0, 1, 1, -52, 182]	[[5, 8], [0, 13], [1, 11], [7, 14]]
78, 17, 12, 0.8210526315789474

"8106181.a1"	8106181	4	[]	0	[1, 0, 0, -42, 169]	[[3, 7], [0, 13], [5, 7], [8, 15]]
72, 23, 10, 0.7578947368421053

"8167051.a1"	8167051	4	[]	0	[0, 0, 1, 19, -134]	[[4, 2], [10, 32], [7, 18], [17/2, 35/2]]
71, 24, 10, 0.7473684210526316

"8300197.a1"	8300197	4	[]	0	[0, 0, 1, -6925, 221808]	[[48, 0], [49, 11], [43, 59], [436/3, 116/3]]
67, 28, 10, 0.7052631578947368

"8397097.a1"	8397097	4	[]	0	[1, 1, 1, -135, -644]	[[-7, 7], [-8, 4], [13, -3], [14, 14]]
79, 16, 9, 0.8315789473684211

"8436397.a1"	8436397	4	[]	0	[0, -1, 1, -205, 1192]	[[8, 0], [10, 6], [4, 20], [37/2, 7/2]]
69, 26, 10, 0.7263157894736842

"8718803.a1"	8718803	4	[]	0	[1, 1, 1, -885, 9766]	[[17, -7], [16, -3], [13, 19], [67/2, -79/2]]
76, 19, 10, 0.8

"8929111.a1"	8929111	4	[]	0	[1, 0, 0, 11, 144]	[[0, 12], [-1, 12], [4, 14], [9, 27]]
75, 20, 9, 0.7894736842105263

"9019973.a1"	9019973	4	[]	0	[0, 1, 1, -58, -112]	[[-2, 0], [-7, 0], [-6, 7], [-4, 8]]
76, 19, 10, 0.8

"9058057.a1"	9058057	4	[]	0	[1, 1, 1, -55, -84]	[[-3, 9], [-4, 11], [-6, -6], [-7, 7]]
72, 23, 13, 0.7578947368421053

"9126869.a1"	9126869	4	[]	0	[0, 1, 1, -52, -28]	[[-2, 8], [-3, 10], [-5, 11], [-7, 6]]
67, 28, 7, 0.7052631578947368

"9417157.a1"	9417157	4	[]	0	[0, -1, 1, -64, 154]	[[2, 5], [7, 0], [1, 9], [8, 9]]
79, 16, 14, 0.8315789473684211

"9518219.a1"	9518219	4	[]	0	[0, 0, 1, -73, 282]	[[5, 6], [1, 14], [8, 14], [3, 9]]
77, 18, 10, 0.8105263157894737

"9640549.a1"	9640549	4	[]	0	[0, 0, 1, -154, 720]	[[8, 0], [6, 3], [12, 24], [2, 20]]
74, 21, 10, 0.7789473684210526

"9704491.a1"	9704491	4	[]	0	[0, 1, 1, 8, 152]	[[-3, 10], [-2, 11], [-4, 8], [-5, 3]]
77, 18, 8, 0.8105263157894737

"9809419.a1"	9809419	4	[]	0	[0, 1, 1, -76, 272]	[[5, 6], [0, 16], [8, 15], [2, 11]]
71, 24, 8, 0.7473684210526316

"9934411.a1"	9934411	4	[]	0	[0, 1, 1, -934, 10682]	[[17, 2], [16, 9], [19, 12], [69/2, 5/2]]
67, 28, 12, 0.7052631578947368

"10257083.a1"	10257083	4	[]	0	[0, 0, 1, -187, 996]	[[8, 3], [9, 6], [6, 9], [7, 5]]
75, 20, 12, 0.7894736842105263

"10424663.a1"	10424663	4	[]	0	[1, -1, 1, -57, 240]	[[5, 5], [0, 15], [6, 6], [10, 19]]
74, 21, 8, 0.7789473684210526

"10537957.a1"	10537957	4	[]	0	[0, 1, 1, -125, 475]	[[5, 0], [11, 23], [-7, 32], [-13, 8]]
78, 17, 11, 0.8210526315789474

"10610357.a1"	10610357	4	[]	0	[0, 1, 1, -100, 320]	[[7, 3], [2, 11], [4, 0], [3, 7]]
73, 22, 12, 0.7684210526315789

"10856359.a1"	10856359	4	[]	0	[1, -1, 1, -66, 146]	[[2, 3], [9, 10], [1, 8], [-7, 18]]
74, 21, 8, 0.7789473684210526

"10861307.b1"	10861307	4	[]	0	[1, -1, 1, -120, 558]	[[6, 2], [11, 16], [4, 9], [-1, 26]]
78, 17, 14, 0.8210526315789474

"10985851.a1"	10985851	4	[]	0	[0, 0, 1, 19, 156]	[[0, 12], [-2, 10], [-3, 8], [25, 127]]
70, 25, 9, 0.7368421052631579

"11145619.a1"	11145619	4	[]	0	[1, -1, 1, -654, 6594]	[[14, -1], [16, -2], [18, 11], [6, 50]]
75, 20, 12, 0.7894736842105263

"11193251.a1"	11193251	4	[]	0	[1, 1, 1, -19, 156]	[[2, 10], [0, 12], [6, 14], [-25/2, 91/2]]
75, 20, 14, 0.7894736842105263

"11287343.a1"	11287343	4	[]	0	[1, 1, 1, -299, 1872]	[[9, -1], [10, -2], [6, 15], [39/2, -21/2]]
73, 22, 6, 0.7684210526315789

"11365037.a1"	11365037	4	[]	0	[1, -1, 1, -232, -1290]	[[-8, 5], [-9, 6], [-33/2, 7/2], [46, 266]]
73, 22, 8, 0.7684210526315789

"11448979.a1"	11448979	4	[]	0	[1, 1, 1, -1209, 15676]	[[20, -8], [19, -5], [22, 7], [-2, 135]]
75, 20, 6, 0.7894736842105263

"11588939.a1"	11588939	4	[]	0	[0, -1, 1, -86, 378]	[[6, 6], [2, 14], [-1, 21], [14, 41]]
70, 25, 14, 0.7368421052631579

"11914247.a1"	11914247	4	[]	0	[1, 0, 0, -394, 2973]	[[11, -6], [12, -3], [13, 3], [47/2, -43/2]]
80, 15, 12, 0.8421052631578947

"11919067.a1"	11919067	4	[]	0	[0, 1, 1, -78, 288]	[[4, 7], [3, 9], [8, 15], [6, 8]]
76, 19, 16, 0.8

"12090283.a1"	12090283	4	[]	0	[0, 1, 1, -104, 408]	[[4, 8], [3, 11], [7, 8], [-3, 26]]
80, 15, 15, 0.8421052631578947

"12226297.a1"	12226297	4	[]	0	[1, 0, 0, -168, 841]	[[7, 1], [5, 9], [8, 1], [35/2, 27/2]]
76, 19, 6, 0.8

"12307781.a1"	12307781	4	[]	0	[0, 1, 1, -71, -183]	[[-3, 3], [-7, 4], [-5, 8], [65, 523]]
68, 27, 14, 0.7157894736842105

"12307957.a1"	12307957	4	[]	0	[0, -1, 1, -128, 576]	[[8, 0], [3, 14], [9, 8], [14, 36]]
72, 23, 13, 0.7578947368421053

"12573971.a1"	12573971	4	[]	0	[1, -1, 1, -118, 490]	[[5, 0], [4, 6], [10, 10], [-11, 24]]
77, 18, 10, 0.8105263157894737

"12655567.a1"	12655567	4	[]	0	[1, -1, 1, -285, -1770]	[[-10, 4], [-9, 3], [-37/2, 53/2], [-86/3, 40/3]]
77, 18, 15, 0.8105263157894737

"12671819.a1"	12671819	4	[]	0	[0, 0, 1, -118, 522]	[[6, 5], [8, 9], [10, 18], [-4, 30]]
71, 24, 11, 0.7473684210526316

"12737903.a1"	12737903	4	[]	0	[1, 0, 0, -73, -174]	[[-3, 6], [-7, 6], [-5, -6], [15, 39]]
73, 22, 3, 0.7684210526315789

"12924089.d1"	12924089	4	[]	0	[1, 0, 1, -65, -105]	[[-3, 9], [-7, 7], [9, 3], [13, 29]]
74, 21, 15, 0.7789473684210526

"13051657.a1"	13051657	4	[]	0	[1, 1, 1, -2079, 35620]	[[26, -13], [25, -5], [29, 13], [89, 707]]
74, 21, 11, 0.7789473684210526

"13176629.a1"	13176629	4	[]	0	[0, 0, 1, -329, 2290]	[[10, 0], [11, 1], [13, 14], [16, 33]]
75, 20, 11, 0.7894736842105263

"13489667.a1"	13489667	4	[]	0	[0, 0, 1, -130, 597]	[[7, 5], [5, 8], [9, 12], [-5, 33]]
84, 11, 12, 0.8842105263157894

"13502647.a1"	13502647	4	[]	0	[1, -1, 1, -216, 1260]	[[10, 0], [6, 9], [8, -4], [13, 16]]
67, 28, 7, 0.7052631578947368

"13664309.a1"	13664309	4	[]	0	[0, 1, 1, -72, 132]	[[2, 0], [7, 4], [8, 11], [-2, 16]]
75, 20, 10, 0.7894736842105263

"13822847.a1"	13822847	4	[]	0	[1, 0, 0, -60, 1]	[[-3, 14], [-5, 16], [0, 1], [9, 10]]
73, 22, 8, 0.7684210526315789

"13866283.a1"	13866283	4	[]	0	[0, 0, 1, -146, 702]	[[6, 6], [4, 13], [0, 26], [18, 62]]
76, 19, 9, 0.8

"13968341.a1"	13968341	4	[]	0	[0, 1, 1, -86, 222]	[[3, 0], [8, 10], [10, 21], [7, 3]]
75, 20, 7, 0.7894736842105263

"13971941.a1"	13971941	4	[]	0	[1, -1, 1, -591, 5676]	[[14, -5], [15, -3], [16, 3], [7, 39]]
67, 28, 7, 0.7052631578947368

"14059457.a1"	14059457	4	[]	0	[1, -1, 1, -30, 198]	[[4, 9], [1, 12], [6, 11], [-6, 14]]
72, 23, 11, 0.7578947368421053

"14224757.a1"	14224757	4	[]	0	[0, 1, 1, -250, 1430]	[[8, 2], [10, 5], [11, 11], [7, 8]]
73, 22, 9, 0.7684210526315789

"14377931.a1"	14377931	4	[]	0	[0, 0, 1, -34, -198]	[[10, 21], [12, 33], [8, 6], [22, 98]]
70, 25, 10, 0.7368421052631579

"14630683.a1"	14630683	4	[]	0	[0, 1, 1, -34, 188]	[[1, 12], [2, 11], [-7, 11], [7, 18]]
69, 26, 15, 0.7263157894736842

"14718871.a1"	14718871	4	[]	0	[1, 0, 0, -207, 1144]	[[8, 0], [9, 1], [5, 13], [3, 22]]
75, 20, 13, 0.7894736842105263

"14838277.a1"	14838277	4	[]	0	[0, -1, 1, -714, 7584]	[[16, 0], [12, 24], [18, 15], [61/2, 21/2]]
73, 22, 8, 0.7684210526315789

"15161219.a1"	15161219	4	[]	0	[1, -1, 1, -64, 72]	[[1, 2], [-6, 17], [0, 8], [9, 8]]
74, 21, 11, 0.7789473684210526

"15176897.a1"	15176897	4	[]	0	[1, -1, 1, -106, 400]	[[4, 3], [8, 0], [-2, 25], [-10, 24]]
71, 24, 4, 0.7473684210526316

"15268811.a1"	15268811	4	[]	0	[0, -1, 1, -177, 987]	[[7, 6], [9, 6], [15, 38], [-3, 38]]
79, 16, 13, 0.8315789473684211

"15516071.a1"	15516071	4	[]	0	[1, -1, 0, 62, 15]	[[2, 11], [6, 21], [22, 97], [70/3, 715/3]]
70, 25, 15, 0.7368421052631579

"15558901.a1"	15558901	4	[]	0	[1, 1, 1, -291, 1780]	[[10, -5], [5, 19], [14, 19], [35/2, -23/2]]
73, 22, 9, 0.7684210526315789

"15607877.a1"	15607877	4	[]	0	[0, 1, 1, -90, 240]	[[3, 2], [7, 1], [9, 15], [2, 8]]
77, 18, 13, 0.8105263157894737

"15709877.a1"	15709877	4	[]	0	[1, 0, 0, -118, -465]	[[-5, 0], [-7, 9], [-6, 9], [-59/3, 254/3]]
72, 23, 7, 0.7578947368421053

"15869963.a1"	15869963	4	[]	0	[0, -1, 1, -110, 522]	[[6, 6], [5, 8], [3, 14], [8, 9]]
76, 19, 8, 0.8

"15873397.a1"	15873397	4	[]	0	[0, -1, 1, -180, 972]	[[9, 0], [7, 2], [6, 8], [10, 8]]
75, 20, 17, 0.7894736842105263

"16037071.a1"	16037071	4	[]	0	[1, 0, 0, 63, 16]	[[0, 4], [5, 19], [9, 32], [16, 64]]
75, 20, 13, 0.7894736842105263

"16087157.a1"	16087157	4	[]	0	[0, 0, 1, -161, 762]	[[9, 6], [4, 13], [6, 3], [-9, 38]]
78, 17, 7, 0.8210526315789474

"16146401.a1"	16146401	4	[]	0	[1, 0, 0, -66, 67]	[[1, 1], [-3, 17], [-6, 19], [-1, 12]]
76, 19, 9, 0.8

"16165717.a1"	16165717	4	[]	0	[0, -1, 1, -70, 142]	[[1, 8], [-1, 14], [8, 5], [2, 2]]
74, 21, 17, 0.7789473684210526

"16331309.a1"	16331309	4	[]	0	[1, -1, 1, -79, -166]	[[-3, 7], [-4, 10], [-7, 1], [29, 131]]
69, 26, 6, 0.7263157894736842

"16482097.b1"	16482097	4	[]	0	[1, 1, 1, -64, 0]	[[0, 0], [-6, 17], [-1, 8], [-4, 16]]
74, 21, 7, 0.7789473684210526

"16499089.a1"	16499089	4	[]	0	[1, -1, 1, -118, 558]	[[6, 3], [9, 8], [1, 20], [-12, 17]]
71, 24, 5, 0.7473684210526316

"16517209.a1"	16517209	4	[]	0	[1, 1, 1, -849, 9166]	[[16, -6], [17, -5], [10, 37], [142/3, -113/3]]
72, 23, 9, 0.7578947368421053

"16690103.a1"	16690103	4	[]	0	[1, -1, 1, -27, 210]	[[0, 14], [4, 10], [-7, 7], [8, 17]]
70, 25, 13, 0.7368421052631579

"16696709.a1"	16696709	4	[]	0	[0, 1, 1, -1092, 13530]	[[19, 1], [18, 5], [20, 9], [77/2, 25/2]]
73, 22, 13, 0.7684210526315789

"16704839.a1"	16704839	4	[]	0	[1, 0, 0, -64, 9]	[[0, 3], [-5, 17], [-1, 9], [9, 9]]
72, 23, 11, 0.7578947368421053

"16798283.a1"	16798283	4	[]	0	[1, 1, 1, -64, 252]	[[3, 8], [6, 8], [-6, 24], [-4, 23]]
70, 25, 13, 0.7368421052631579

"16916281.a1"	16916281	4	[]	0	[1, 0, 0, -142, 669]	[[7, 2], [4, 11], [5, 7], [12, 21]]
74, 21, 12, 0.7789473684210526

"17157599.a1"	17157599	4	[]	0	[1, -1, 1, -93, 420]	[[5, 5], [2, 14], [10, 15], [12, 24]]
72, 23, 8, 0.7578947368421053

"17246657.a1"	17246657	4	[]	0	[1, 0, 0, -69, 88]	[[-1, 13], [8, 4], [-9, 5], [-8, 16]]
76, 19, 13, 0.8

"17471843.a1"	17471843	4	[]	0	[1, -1, 1, 3, 200]	[[-2, 14], [-4, 12], [5, 15], [16, 56]]
71, 24, 5, 0.7473684210526316

"17482111.a1"	17482111	4	[]	0	[1, 0, 0, -127, 576]	[[7, 3], [9, 9], [5, 6], [0, 24]]
72, 23, 8, 0.7578947368421053

"17495957.a1"	17495957	4	[]	0	[0, 1, 1, -150, 630]	[[4, 10], [9, 9], [5, 5], [8, 2]]
73, 22, 10, 0.7684210526315789

"17622277.a1"	17622277	4	[]	0	[1, 1, 1, -945, 10786]	[[17, -7], [16, 1], [14, 16], [29, 79]]
73, 22, 8, 0.7684210526315789

"17778869.a1"	17778869	4	[]	0	[0, 0, 1, -359, 2610]	[[10, 4], [12, 5], [15, 24], [18, 44]]
70, 25, 9, 0.7368421052631579

"17819189.a1"	17819189	4	[]	0	[0, 0, 1, -101, -334]	[[-4, 2], [-7, 5], [-6, 7], [21, 82]]
75, 20, 8, 0.7894736842105263

"17893429.a1"	17893429	4	[]	0	[0, -1, 1, -712, 7552]	[[16, 0], [17, 8], [14, 11], [11, 30]]
74, 21, 13, 0.7789473684210526

"18000757.a1"	18000757	4	[]	0	[0, 0, 1, -67, -54]	[[-2, 8], [-7, 8], [-1, 3], [-5, 12]]
70, 25, 14, 0.7368421052631579

"18003691.a1"	18003691	4	[]	0	[0, 0, 1, -89, 382]	[[4, 9], [8, 13], [-5, 26], [-10, 16]]
66, 29, 5, 0.6947368421052632

"18532219.a1"	18532219	4	[]	0	[0, 1, 1, 34, 204]	[[-2, 11], [-4, 4], [3, 18], [1, 15]]
74, 21, 15, 0.7789473684210526

"18626999.a1"	18626999	4	[]	0	[1, 1, 1, -21, 202]	[[-4, 17], [5, 13], [-7, 11], [26, 121]]
70, 25, 14, 0.7368421052631579

"18655349.a1"	18655349	4	[]	0	[0, 1, 1, -92, 240]	[[3, 0], [10, 20], [-2, 20], [0, 15]]
71, 24, 12, 0.7473684210526316

"18742463.a1"	18742463	4	[]	0	[1, -1, 1, -231, 1422]	[[9, -1], [8, 2], [10, 1], [4, 21]]
73, 22, 10, 0.7684210526315789

"18754517.a1"	18754517	4	[]	0	[0, 1, 1, -214, 1118]	[[7, 3], [9, 1], [4, 18], [-1, 36]]
84, 11, 13, 0.8842105263157894

"18803429.a1"	18803429	4	[]	0	[0, 1, 1, -312, 2010]	[[11, 5], [8, 9], [9, 3], [15, 30]]
68, 27, 6, 0.7157894736842105

"18830213.a1"	18830213	4	[]	0	[1, -1, 1, -6, 210]	[[-2, 15], [5, 14], [0, 14], [-6, 3]]
70, 25, 15, 0.7368421052631579

"18912811.a1"	18912811	4	[]	0	[1, 0, 0, -592, 5499]	[[14, -9], [13, 0], [17, 12], [34, 141]]
74, 21, 13, 0.7789473684210526

"18918749.a1"	18918749	4	[]	0	[0, 1, 1, -97, 272]	[[2, 9], [8, 8], [0, 16], [-10, 18]]
68, 27, 9, 0.7157894736842105

"19022651.a1"	19022651	4	[]	0	[0, 0, 1, -19, 212]	[[2, 13], [3, 13], [-6, 10], [-7, 1]]
72, 23, 11, 0.7578947368421053

"19451989.a1"	19451989	4	[]	0	[0, 0, 1, -259, 1590]	[[11, 8], [12, 14], [8, 5], [10, 0]]
73, 22, 18, 0.7684210526315789

"19725077.a1"	19725077	4	[]	0	[0, 1, 1, -490, 4010]	[[12, 1], [11, 8], [14, 9], [13, 2]]
73, 22, 12, 0.7684210526315789

"19802683.a1"	19802683	4	[]	0	[0, 1, 1, -20, 210]	[[0, 14], [4, 14], [-7, 7], [2, 13]]
81, 14, 12, 0.8526315789473684

"19983377.b1"	19983377	4	[]	0	[1, 0, 0, -113, 400]	[[4, 2], [9, 7], [3, 8], [-12, -2]]
72, 23, 9, 0.7578947368421053

"20192693.a1"	20192693	4	[]	0	[0, 1, 1, -68, 0]	[[0, 0], [-7, 13], [-5, 15], [-2, 11]]
69, 26, 10, 0.7263157894736842

"20252051.a1"	20252051	4	[]	0	[0, -1, 1, -89, 420]	[[8, 12], [0, 20], [-10, 14], [14, 41]]
75, 20, 17, 0.7894736842105263

"20256029.a1"	20256029	4	[]	0	[0, 0, 1, -194, 1017]	[[7, 1], [9, 0], [3, 21], [103/3, 451/3]]
72, 23, 10, 0.7578947368421053

"20301877.a1"	20301877	4	[]	0	[0, 0, 1, -82, 186]	[[2, 5], [8, 6], [12, 30], [-2, 18]]
70, 25, 10, 0.7368421052631579

"20305013.a1"	20305013	4	[]	0	[0, 1, 1, -498, 4110]	[[13, 1], [12, 2], [15, 15], [45/2, 57/2]]
76, 19, 12, 0.8

"20907941.a1"	20907941	4	[]	0	[0, 1, 1, -276, 1662]	[[10, 1], [8, 5], [3, 29], [15, 33]]
70, 25, 6, 0.7368421052631579

"21186041.a1"	21186041	4	[]	0	[1, 0, 0, 18, 221]	[[1, 15], [-5, 6], [4, 17], [-17/2, 85/2]]
72, 23, 13, 0.7578947368421053

"21234667.a1"	21234667	4	[]	0	[0, 1, 1, -138, 618]	[[8, 9], [3, 15], [6, 6], [11, 23]]
76, 19, 10, 0.8

"21278483.a1"	21278483	4	[]	0	[0, 0, 1, 20, 219]	[[-3, 11], [1, 15], [7, 26], [21, 99]]
77, 18, 9, 0.8105263157894737

"21324203.a1"	21324203	4	[]	0	[0, 0, 1, -301, 2022]	[[10, 3], [9, 6], [14, 23], [11, 6]]
77, 18, 10, 0.8105263157894737

"21443717.a1"	21443717	4	[]	0	[0, 1, 1, -70, 20]	[[0, 4], [-2, 12], [-8, 11], [-9, 1]]
70, 25, 10, 0.7368421052631579

"21484997.a1"	21484997	4	[]	0	[0, 0, 1, -701, 7140]	[[15, 0], [16, 4], [9, 39], [30, 114]]
78, 17, 10, 0.8210526315789474

"21559843.a1"	21559843	4	[]	0	[1, -1, 1, -1456, 21742]	[[22, -9], [23, -6], [19, 16], [-41, -86]]
77, 18, 5, 0.8105263157894737

"21758651.a1"	21758651	4	[]	0	[0, 0, 1, -106, 476]	[[6, 7], [2, 16], [-8, 28], [-12, 4]]
75, 20, 10, 0.7894736842105263

"21856741.a1"	21856741	4	[]	0	[0, -1, 1, -86, 240]	[[3, 0], [8, 0], [0, 15], [2, 8]]
78, 17, 11, 0.8210526315789474

"21945389.a1"	21945389	4	[]	0	[1, 0, 0, -477, 3964]	[[12, -4], [13, -5], [9, 16], [15, 8]]
75, 20, 16, 0.7894736842105263

"21952519.a1"	21952519	4	[]	0	[1, 1, 1, -70, -36]	[[-6, 17], [-7, 16], [8, -5], [9, 8]]
72, 23, 16, 0.7578947368421053

"22001797.a1"	22001797	4	[]	0	[0, 0, 1, -397, 3036]	[[12, 0], [11, 0], [7, 24], [13, 8]]
76, 19, 15, 0.8

"22026253.a1"	22026253	4	[]	0	[1, 0, 0, -69, 310]	[[6, 8], [7, 10], [3, 10], [-2, 22]]
67, 28, 7, 0.7052631578947368

"22155163.a1"	22155163	4	[]	0	[0, 1, 1, -88, 362]	[[5, 8], [4, 9], [14, 45], [9, 19]]
75, 20, 17, 0.7894736842105263

"22471237.a1"	22471237	4	[]	0	[0, 0, 1, -835, 9284]	[[17, 1], [16, 4], [12, 31], [148/3, -8/3]]
76, 19, 10, 0.8

"22529099.a1"	22529099	4	[]	0	[1, 0, 0, -194, -1031]	[[-8, 9], [-9, 2], [-29/2, 7/2], [16, -3]]
70, 25, 8, 0.7368421052631579

"22652821.b1"	22652821	4	[]	0	[1, 0, 0, 16, 229]	[[-3, 14], [-5, 8], [4, 17], [9, 29]]
75, 20, 6, 0.7894736842105263

"23424371.a1"	23424371	4	[]	0	[0, -1, 1, -17, 240]	[[0, 15], [-6, 9], [2, 14], [21/2, 127/2]]
73, 22, 14, 0.7684210526315789

"23443507.a1"	23443507	4	[]	0	[1, -1, 1, -72, 0]	[[0, 0], [-8, 7], [-4, 16], [-7, 14]]
70, 25, 13, 0.7368421052631579

"23447917.a1"	23447917	4	[]	0	[0, 0, 1, -190, -981]	[[-7, 2], [-9, 0], [-31/2, 37/2], [21, 65]]
73, 22, 13, 0.7684210526315789

"23459531.a1"	23459531	4	[]	0	[0, -1, 1, -52, 292]	[[5, 11], [1, 15], [4, 11], [-1, 18]]
76, 19, 8, 0.8

"23537659.a1"	23537659	4	[]	0	[0, 1, 1, -81, 339]	[[-1, 20], [9, 20], [3, 11], [-11, 4]]
77, 18, 10, 0.8105263157894737

"23761201.a1"	23761201	4	[]	0	[1, 0, 0, 53, 186]	[[-3, 3], [1, 15], [-1, 12], [6, 24]]
72, 23, 8, 0.7578947368421053

"23802083.a1"	23802083	4	[]	0	[1, -1, 1, -1317, 18720]	[[21, -9], [22, -5], [20, -1], [26, 26]]
75, 20, 5, 0.7894736842105263

"23845397.a1"	23845397	4	[]	0	[0, 1, 1, -80, 120]	[[1, 6], [8, 7], [-3, 18], [9, 14]]
76, 19, 15, 0.8

"23854741.c1"	23854741	4	[]	0	[0, -1, 1, -131, 573]	[[9, 6], [-1, 26], [11, 18], [21, 81]]
67, 28, 9, 0.7052631578947368

"23886997.a1"	23886997	4	[]	0	[0, -1, 1, -405, 3267]	[[13, 5], [3, 45], [19, 45], [15, 18]]
66, 29, 8, 0.6947368421052632

"23951887.a1"	23951887	4	[]	0	[1, 1, 1, -144, 562]	[[5, -2], [8, -7], [4, 6], [-10, 38]]
72, 23, 7, 0.7578947368421053

"23965589.a1"	23965589	4	[]	0	[0, 1, 1, -72, 0]	[[-1, 8], [-7, 14], [-9, 0], [-4, 15]]
73, 22, 12, 0.7684210526315789

"24098603.a1"	24098603	4	[]	0	[0, -1, 1, -154, 826]	[[8, 6], [7, 6], [5, 12], [-13, 21]]
68, 27, 9, 0.7157894736842105

"24191611.a1"	24191611	4	[]	0	[0, 1, 1, -9872, 374262]	[[57, 0], [56, 13], [229/2, 19/2], [36, 258]]
69, 26, 7, 0.7263157894736842

"24252101.a1"	24252101	4	[]	0	[1, 1, 1, -144, 646]	[[8, 5], [4, 10], [-2, 31], [22, 82]]
65, 30, 8, 0.6842105263157895

"24366851.a1"	24366851	4	[]	0	[0, 0, 1, -142, 693]	[[7, 6], [1, 23], [11, 21], [21, 83]]
74, 21, 13, 0.7789473684210526

"24394603.a1"	24394603	4	[]	0	[0, 1, 1, -4, 236]	[[-1, 15], [-2, 15], [7, 24], [13, 50]]
80, 15, 10, 0.8421052631578947

"24486139.a1"	24486139	4	[]	0	[0, 1, 1, 49, -183]	[[3, 0], [7, 23], [17, 76], [13/2, 33/2]]
73, 22, 13, 0.7684210526315789

"24513803.a1"	24513803	4	[]	0	[0, 0, 1, 53, 186]	[[-1, 11], [1, 15], [-3, 0], [-2, 8]]
75, 20, 13, 0.7894736842105263

"24588283.a1"	24588283	4	[]	0	[0, 1, 1, 30, 240]	[[-1, 14], [0, 15], [-4, 8], [-3, 11]]
70, 25, 12, 0.7368421052631579

"24644299.a1"	24644299	4	[]	0	[1, 1, 1, -112, 342]	[[8, 2], [0, 18], [9, 8], [17, 52]]
73, 22, 14, 0.7684210526315789

"24922789.a1"	24922789	4	[]	0	[0, -1, 1, -192, 1062]	[[10, 6], [6, 9], [7, 3], [12, 18]]
76, 19, 12, 0.8

"25029029.a1"	25029029	4	[]	0	[0, 1, 1, -142, 560]	[[4, 8], [10, 15], [8, 0], [5, 0]]
68, 27, 13, 0.7157894736842105

"25039667.a1"	25039667	4	[]	0	[1, 0, 0, -75, -74]	[[-1, 0], [-6, 16], [-5, 16], [9, -4]]
72, 23, 10, 0.7578947368421053

"25218091.a1"	25218091	4	[]	0	[0, 1, 1, -44, 252]	[[4, 12], [3, 12], [5, 13], [-4, 19]]
82, 13, 11, 0.8631578947368421

"25305479.a1"	25305479	4	[]	0	[1, -1, 1, -274, 1794]	[[9, -6], [12, 5], [6, 15], [1, 38]]
71, 24, 4, 0.7473684210526316

"25327763.a1"	25327763	4	[]	0	[0, 0, 1, -202, 1131]	[[9, 6], [3, 23], [11, 15], [1, 30]]
73, 22, 6, 0.7684210526315789

"25359029.a1"	25359029	4	[]	0	[0, 1, 1, -102, 282]	[[2, 9], [1, 13], [3, 3], [-9, 23]]
67, 28, 8, 0.7052631578947368

"25359589.a1"	25359589	4	[]	0	[0, 0, 1, -79, -120]	[[-2, 5], [-4, 11], [-8, 0], [-7, 9]]
73, 22, 11, 0.7684210526315789

"25392091.a1"	25392091	4	[]	0	[0, 1, 1, -962, 11172]	[[17, 4], [16, 11], [18, 3], [10, 51]]
74, 21, 12, 0.7789473684210526

"25475633.a1"	25475633	4	[]	0	[1, -1, 1, 9, 240]	[[0, 15], [-2, 15], [-5, 9], [10, 30]]
73, 22, 11, 0.7684210526315789

"25520897.a1"	25520897	4	[]	0	[1, 0, 0, -174, 835]	[[6, 1], [13, 22], [-3, 38], [3, 17]]
73, 22, 14, 0.7684210526315789

"25641589.a1"	25641589	4	[]	0	[1, 1, 1, -147, 580]	[[5, -5], [8, -4], [-2, 30], [10, 10]]
72, 23, 16, 0.7578947368421053

"25658407.a1"	25658407	4	[]	0	[1, -1, 1, -372, 2840]	[[12, -5], [13, 2], [5, 30], [21, 52]]
76, 19, 3, 0.8

"25679879.a1"	25679879	4	[]	0	[1, 0, 0, -75, -62]	[[-1, 4], [-7, 15], [-2, -8], [-13/2, -85/2]]
72, 23, 11, 0.7578947368421053

"25722491.a1"	25722491	4	[]	0	[0, -1, 1, -94, 460]	[[5, 9], [4, 11], [8, 12], [10, 20]]
78, 17, 10, 0.8210526315789474

"25898309.a1"	25898309	4	[]	0	[0, 1, 1, -152, 630]	[[5, 4], [3, 14], [9, 8], [-2, 30]]
70, 25, 10, 0.7368421052631579

"25922837.a1"	25922837	4	[]	0	[0, 1, 1, -74, -54]	[[-1, 4], [-6, 14], [-8, 9], [-2, 9]]
69, 26, 7, 0.7263157894736842

"25956701.a1"	25956701	4	[]	0	[0, 1, 1, -951, 10974]	[[18, 3], [16, 10], [24, 50], [273/4, 129/4]]
67, 28, 11, 0.7052631578947368

"26174123.a1"	26174123	4	[]	0	[0, 0, 1, -7, 246]	[[-4, 14], [-3, 15], [-5, 12], [2, 15]]
67, 28, 11, 0.7052631578947368

"26244017.a1"	26244017	4	[]	0	[1, 0, 0, -99, 280]	[[1, 13], [8, 0], [3, 2], [11, 18]]
75, 20, 5, 0.7894736842105263

"26352229.a1"	26352229	4	[]	0	[1, 0, 0, -252, 1499]	[[10, -3], [7, 6], [13, 15], [22, 71]]
73, 22, 10, 0.7684210526315789

"26485273.a1"	26485273	4	[]	0	[1, -1, 1, -391, 3080]	[[11, -1], [14, 7], [20, 44], [8, 16]]
66, 29, 9, 0.6947368421052632

"26723533.a1"	26723533	4	[]	0	[1, 0, 0, -250, 1521]	[[9, 0], [8, 3], [11, 6], [16, 33]]
69, 26, 9, 0.7263157894736842

"26809487.a1"	26809487	4	[]	0	[1, 0, 0, -474, 3925]	[[12, -5], [13, -8], [11, 3], [47/2, -75/2]]
72, 23, 4, 0.7578947368421053

"27011903.a1"	27011903	4	[]	0	[1, 1, 1, -10, 246]	[[-1, 16], [3, 14], [-6, 14], [-4, 17]]
75, 20, 14, 0.7894736842105263

"27054091.a1"	27054091	4	[]	0	[0, 0, 1, 1, 250]	[[-2, 15], [-4, 13], [5, 19], [10, 35]]
73, 22, 13, 0.7684210526315789

"27260929.a1"	27260929	4	[]	0	[1, 1, 0, -521, 4360]	[[12, -2], [8, 24], [24, 68], [-4, 82]]
70, 25, 13, 0.7368421052631579

"27302603.a1"	27302603	4	[]	0	[0, -1, 1, 70, -138]	[[3, 9], [6, 21], [2, 2], [23, 114]]
75, 20, 7, 0.7894736842105263

"27324091.a1"	27324091	4	[]	0	[0, 0, 1, 64, 156]	[[-2, 4], [0, 12], [6, 27], [33/4, 1071/4]]
68, 27, 7, 0.7157894736842105

"27646163.a1"	27646163	4	[]	0	[0, 0, 1, -52, 291]	[[1, 15], [9, 23], [-1, 18], [5, 12]]
73, 22, 12, 0.7684210526315789

"27692737.a1"	27692737	4	[]	0	[1, 1, 0, -127, 440]	[[4, 2], [8, 0], [-8, 36], [20, 70]]
71, 24, 11, 0.7473684210526316

"27927499.a1"	27927499	4	[]	0	[0, 1, 1, 54, 222]	[[-3, 6], [-2, 10], [2, 18], [7, 31]]
73, 22, 8, 0.7684210526315789

"27938591.a1"	27938591	4	[]	0	[1, -1, 1, -399, 3174]	[[12, -3], [13, 1], [9, 11], [16, 18]]
73, 22, 8, 0.7684210526315789

"28152379.a1"	28152379	4	[]	0	[1, -1, 1, -853, 9800]	[[17, -7], [14, 14], [29, 79], [32, 104]]
68, 27, 8, 0.7157894736842105

"28210139.a1"	28210139	4	[]	0	[1, -1, 1, 72, 78]	[[-1, 2], [6, 23], [4, 18], [11, 40]]
74, 21, 7, 0.7789473684210526

"28423243.a1"	28423243	4	[]	0	[0, 1, 1, -234, 1326]	[[9, 5], [8, 5], [13, 25], [17, 50]]
73, 22, 19, 0.7684210526315789

"28504181.a1"	28504181	4	[]	0	[1, 1, 1, -1454, 20736]	[[22, -8], [21, -6], [30, 57], [172/3, 265/3]]
68, 27, 11, 0.7157894736842105

"28751629.a1"	28751629	4	[]	0	[1, 0, 0, -166, 849]	[[7, 3], [8, 3], [3, 18], [13, 24]]
76, 19, 10, 0.8

"28822987.a1"	28822987	4	[]	0	[1, 0, 0, -68, 331]	[[3, 11], [7, 11], [10, 21], [-5, 26]]
76, 19, 7, 0.8

"28867877.a1"	28867877	4	[]	0	[0, 1, 1, -844, 9158]	[[16, 2], [17, 3], [19, 18], [22, 41]]
75, 20, 14, 0.7894736842105263

"28877977.a1"	28877977	4	[]	0	[1, -1, 1, -4137, 103440]	[[37, -23], [38, -26], [24, 120], [53, 149]]
75, 20, 9, 0.7894736842105263

"28899329.a1"	28899329	4	[]	0	[1, 1, 1, 9, 262]	[[-2, 16], [-5, -9], [10, 33], [16, 61]]
77, 18, 8, 0.8105263157894737

"29109859.a1"	29109859	4	[]	0	[1, 0, 0, -187, 934]	[[9, -4], [15, 32], [-15, 28], [-6, 46]]
72, 23, 12, 0.7578947368421053

"29436761.a1"	29436761	4	[]	0	[1, 0, 0, -3676, 85479]	[[35, -17], [37, 3], [33, 3], [143/2, -75/2]]
68, 27, 7, 0.7157894736842105

"29594843.a1"	29594843	4	[]	0	[0, 0, 1, -67, 336]	[[2, 14], [7, 14], [9, 21], [11, 30]]
74, 21, 8, 0.7789473684210526

"29781461.a1"	29781461	4	[]	0	[0, 1, 1, -256, 1472]	[[10, 3], [7, 8], [5, 18], [8, 0]]
76, 19, 9, 0.8

"29787403.b1"	29787403	4	[]	0	[0, 1, 1, -1649, 25233]	[[23, 1], [21, 17], [27, 33], [-29, 222]]
68, 27, 4, 0.7157894736842105

"29994337.a1"	29994337	4	[]	0	[1, -1, 1, -111, 390]	[[4, -3], [9, 3], [-4, 29], [10, 9]]
73, 22, 13, 0.7684210526315789

"30186197.a1"	30186197	4	[]	0	[0, 0, 1, -122, 446]	[[2, 14], [14, 38], [-4, 29], [24, 106]]
75, 20, 9, 0.7894736842105263

"30222131.a1"	30222131	4	[]	0	[0, -1, 1, 73, 90]	[[0, 9], [2, 15], [12, 50], [77/2, 723/2]]
77, 18, 12, 0.8105263157894737

"30467189.a1"	30467189	4	[]	0	[0, 1, 1, -492, 4032]	[[12, 0], [13, 1], [17, 29], [11, 8]]
73, 22, 11, 0.7684210526315789

"30907579.a1"	30907579	4	[]	0	[1, 1, 1, -184, 846]	[[6, -1], [9, 0], [12, 17], [-16, 5]]
68, 27, 11, 0.7157894736842105

"31035203.a1"	31035203	4	[]	0	[1, -1, 1, -216, 1302]	[[8, 2], [7, 6], [10, 3], [3, 24]]
82, 13, 10, 0.8631578947368421

"31700651.a1"	31700651	4	[]	0	[0, -1, 1, -170, 954]	[[8, 6], [9, 8], [3, 21], [-6, 41]]
68, 27, 12, 0.7157894736842105

"31833377.a1"	31833377	4	[]	0	[1, -1, 1, -540, 4968]	[[14, -4], [13, -2], [16, 7], [4, 51]]
71, 24, 8, 0.7473684210526316

"31921157.a1"	31921157	4	[]	0	[0, 1, 1, -200, 990]	[[9, 0], [6, 6], [10, 9], [13, 27]]
71, 24, 13, 0.7473684210526316

"31948363.a1"	31948363	4	[]	0	[0, 0, 1, 49, -238]	[[5, 11], [6, 16], [20, 93], [41/2, 289/2]]
78, 17, 11, 0.8210526315789474

"31998563.a1"	31998563	4	[]	0	[0, 0, 1, -15136, 716745]	[[71, 0], [69, 29], [-1, 855], [1129/4, 405/4]]
77, 18, 9, 0.8105263157894737

"32445209.b1"	32445209	4	[]	0	[1, 1, 1, -151, 702]	[[8, 5], [11, 17], [3, 15], [-4, 37]]
79, 16, 10, 0.8315789473684211

"32803597.a1"	32803597	4	[]	0	[1, -1, 1, -441, 3660]	[[13, -5], [14, 2], [8, 20], [20, 40]]
73, 22, 10, 0.7684210526315789

"32973361.a1"	32973361	4	[]	0	[1, 0, 0, -42, -299]	[[9, 4], [12, 25], [11, 19], [21, 80]]
76, 19, 7, 0.8

"33097931.a1"	33097931	4	[]	0	[0, 0, 1, -229, 1362]	[[10, 8], [12, 18], [8, 6], [9, 5]]
76, 19, 9, 0.8

"33112043.a1"	33112043	4	[]	0	[0, 0, 1, 29, 270]	[[-3, 12], [-4, 9], [9, 35], [-5, 0]]
74, 21, 13, 0.7789473684210526

"33198437.a1"	33198437	4	[]	0	[0, 1, 1, -414, 3096]	[[12, 0], [10, 7], [17, 35], [14, 15]]
85, 10, 14, 0.8947368421052632

"33257611.a1"	33257611	4	[]	0	[0, 1, 1, -1357, 18797]	[[21, 1], [17, 30], [85/2, 19/2], [31, 86]]
74, 21, 9, 0.7789473684210526

"33259573.a1"	33259573	4	[]	0	[1, -1, 1, -112, 560]	[[8, 7], [9, 10], [2, 17], [-7, 34]]
75, 20, 3, 0.7894736842105263

"33302891.b1"	33302891	4	[]	0	[0, -1, 1, -140, 744]	[[8, 8], [9, 11], [3, 18], [-12, 23]]
80, 15, 13, 0.8421052631578947

"33346331.a1"	33346331	4	[]	0	[0, 0, 1, 59, 216]	[[-1, 12], [2, 18], [-3, 3], [-2, 9]]
74, 21, 9, 0.7789473684210526

"33362053.a1"	33362053	4	[]	0	[1, 0, 0, -10, -279]	[[8, 9], [9, 15], [7, -1], [19, 71]]
64, 31, 7, 0.6736842105263158

"33623371.a1"	33623371	4	[]	0	[0, 0, 1, 61, 210]	[[0, 14], [1, 16], [-3, 0], [36, 221]]
76, 19, 7, 0.8

"33648557.a1"	33648557	4	[]	0	[1, 0, 1, -856, -9699]	[[-17, 6], [-69/2, 63/2], [-267/4, 509/4], [251/2, 3183/2]]
73, 22, 12, 0.7684210526315789

"33674171.a1"	33674171	4	[]	0	[0, -1, 1, -854, 9900]	[[17, 2], [15, 15], [20, 20], [24, 51]]
74, 21, 11, 0.7789473684210526

"33750331.a1"	33750331	4	[]	0	[0, 1, 1, -72, 342]	[[5, 11], [2, 14], [0, 18], [-9, 18]]
78, 17, 11, 0.8210526315789474

"33812549.a1"	33812549	4	[]	0	[0, 1, 1, -264, 1542]	[[8, 2], [10, 1], [6, 14], [11, 9]]
70, 25, 8, 0.7368421052631579

"33820181.a1"	33820181	4	[]	0	[0, 0, 1, -743, 7790]	[[15, 4], [14, 11], [17, 8], [24, 61]]
69, 26, 14, 0.7263157894736842

"34020593.a1"	34020593	4	[]	0	[1, 1, 1, -255, 1486]	[[8, 2], [11, 7], [4, 21], [32, 149]]
74, 21, 11, 0.7789473684210526

"34289669.a1"	34289669	4	[]	0	[0, 1, 1, -92, 162]	[[1, 8], [-3, 20], [8, 1], [12, 30]]
75, 20, 13, 0.7894736842105263

"34747877.a1"	34747877	4	[]	0	[0, 1, 1, -178, 812]	[[5, 8], [10, 11], [14, 35], [9, 4]]
75, 20, 8, 0.7894736842105263

"34773461.a1"	34773461	4	[]	0	[0, 1, 1, -426, 3234]	[[11, 0], [14, 14], [6, 30], [9, 14]]
77, 18, 14, 0.8105263157894737

"34945109.a1"	34945109	4	[]	0	[0, 1, 1, -82, -70]	[[-4, 14], [-5, 15], [-7, 14], [-1, 3]]
76, 19, 12, 0.8

"34986403.a1"	34986403	4	[]	0	[1, 0, 0, -474, 3943]	[[13, -2], [14, 3], [11, 4], [47/2, -3/2]]
69, 26, 8, 0.7263157894736842

"35185957.a1"	35185957	4	[]	0	[0, -1, 1, -94, -176]	[[-2, 0], [-8, 0], [-7, 9], [28, 135]]
70, 25, 10, 0.7368421052631579

"35425307.a1"	35425307	4	[]	0	[1, 0, 0, -123, 430]	[[9, 4], [-1, 24], [10, 10], [33, 164]]
72, 23, 10, 0.7578947368421053

"35446189.a1"	35446189	4	[]	0	[1, 1, 1, -264, 1516]	[[8, -5], [10, -3], [11, 4], [22, 72]]
73, 22, 10, 0.7684210526315789

"35500609.a1"	35500609	4	[]	0	[1, 0, 0, -3076, 65409]	[[32, -17], [33, -6], [35, 13], [163/2, 559/2]]
72, 23, 7, 0.7578947368421053

"35645371.a1"	35645371	4	[]	0	[0, 1, 1, -162, 792]	[[6, 8], [5, 11], [8, 8], [11, 21]]
73, 22, 12, 0.7684210526315789

"35777899.a1"	35777899	4	[]	0	[1, -1, 1, -84, 84]	[[1, 0], [-6, 21], [-4, 20], [-2, 16]]
77, 18, 7, 0.8105263157894737

"35807243.a1"	35807243	4	[]	0	[0, -1, 1, -44, 324]	[[3, 14], [2, 15], [-7, 15], [-4, 20]]
72, 23, 8, 0.7578947368421053

"35856091.a1"	35856091	4	[]	0	[0, 1, 1, -192, 1002]	[[8, 6], [11, 18], [3, 21], [1, 28]]
73, 22, 12, 0.7684210526315789

"36196861.a1"	36196861	4	[]	0	[1, 0, 0, -14, 289]	[[0, 17], [-7, -4], [-3, 19], [-5, 18]]
83, 12, 8, 0.8736842105263158

"36429157.a1"	36429157	4	[]	0	[0, -1, 1, -300, 2082]	[[9, 5], [13, 14], [6, 21], [16, 33]]
76, 19, 7, 0.8

"36704417.a1"	36704417	4	[]	0	[1, 0, 0, -303, 1984]	[[9, -2], [11, -9], [5, 22], [60, 418]]
72, 23, 11, 0.7578947368421053

"36755029.a1"	36755029	4	[]	0	[0, -1, 1, -132, 552]	[[9, 3], [1, 20], [4, 8], [10, 11]]
78, 17, 10, 0.8210526315789474

"36796069.a1"	36796069	4	[]	0	[0, -1, 1, -702, 7392]	[[16, 0], [15, 3], [12, 23], [19, 23]]
73, 22, 9, 0.7684210526315789

"37201517.a1"	37201517	4	[]	0	[1, 0, 0, -150, 631]	[[5, 1], [9, 1], [3, 13], [-3, 34]]
75, 20, 7, 0.7894736842105263

"37262411.a1"	37262411	4	[]	0	[0, 0, 1, -274, 1770]	[[10, 5], [8, 9], [12, 14], [6, 18]]
72, 23, 12, 0.7578947368421053

"37271557.a1"	37271557	4	[]	0	[0, -1, 1, -94, -164]	[[-2, 3], [-8, 3], [-5, 12], [47, 311]]
82, 13, 8, 0.8631578947368421

"37275431.a1"	37275431	4	[]	0	[1, 0, 0, -141, 562]	[[9, 2], [2, 16], [21, 73], [-1, 27]]
73, 22, 7, 0.7684210526315789

"37361147.a1"	37361147	4	[]	0	[0, -1, 1, -748, 8134]	[[16, 2], [17, 6], [14, 14], [107, 1068]]
68, 27, 12, 0.7157894736842105

"37773557.c1"	37773557	4	[]	0	[1, -1, 1, -136, -498]	[[-5, 8], [-6, -6], [15, 18], [22, 71]]
70, 25, 12, 0.7368421052631579

"37783909.a1"	37783909	4	[]	0	[1, 1, 1, -99, 196]	[[1, 9], [8, -5], [2, 2], [-10, 22]]
68, 27, 7, 0.7157894736842105

"37826011.a1"	37826011	4	[]	0	[0, 1, 1, -42, 300]	[[5, 15], [-4, 20], [-2, 19], [3, 14]]
72, 23, 15, 0.7578947368421053

"37857803.a1"	37857803	4	[]	0	[0, -1, 1, -80, 432]	[[6, 11], [3, 14], [5, 11], [8, 15]]
75, 20, 11, 0.7894736842105263

"37910267.a1"	37910267	4	[]	0	[0, 0, 1, -70, 372]	[[2, 15], [12, 35], [4, 12], [-8, 20]]
74, 21, 17, 0.7789473684210526

"37938151.a1"	37938151	4	[]	0	[1, 0, 0, -2944, 61239]	[[31, -13], [30, -3], [37, 39], [131/2, -13/2]]
68, 27, 8, 0.7157894736842105

"37982429.a1"	37982429	4	[]	0	[1, 0, 0, -309, 2044]	[[11, -8], [9, -1], [8, 6], [12, 4]]
73, 22, 8, 0.7684210526315789

"38014597.a1"	38014597	4	[]	0	[0, -1, 1, -118, 436]	[[4, 3], [-1, 23], [13, 30], [19, 68]]
69, 26, 12, 0.7263157894736842

"38128897.a1"	38128897	4	[]	0	[1, -1, 1, -777, 8520]	[[16, -9], [17, -5], [18, 2], [2, 82]]
67, 28, 14, 0.7052631578947368

"38248279.a1"	38248279	4	[]	0	[1, 1, 1, -109, 276]	[[2, 7], [8, -4], [-6, 30], [-12, 0]]
76, 19, 7, 0.8

"38674723.a1"	38674723	4	[]	0	[1, 0, 0, 76, 163]	[[1, 15], [2, 17], [-2, 3], [-1/2, 97/2]]
73, 22, 12, 0.7684210526315789

"38703059.a1"	38703059	4	[]	0	[1, 0, 0, -124, 429]	[[4, -3], [-5, 33], [-1, 24], [1, 17]]
75, 20, 9, 0.7894736842105263

"38890469.a1"	38890469	4	[]	0	[0, 1, 1, -262, 1520]	[[8, 0], [10, 0], [15, 34], [11, 9]]
74, 21, 9, 0.7789473684210526

"38955269.a1"	38955269	4	[]	0	[0, 1, 1, -3727, 86345]	[[35, 0], [33, 19], [141/2, 23/2], [15, 184]]
70, 25, 11, 0.7368421052631579

"39082651.a1"	39082651	4	[]	0	[0, 1, 1, -6167, 184365]	[[45, 0], [39, 68], [181/2, 19/2], [69, 303]]
70, 25, 8, 0.7368421052631579

"39182323.a1"	39182323	4	[]	0	[0, 1, 1, 85, 0]	[[0, 0], [4, 20], [2, 13], [30, 174]]
67, 28, 8, 0.7052631578947368

"39265183.a1"	39265183	4	[]	0	[1, -1, 1, 59, -260]	[[4, 3], [5, 9], [10, 30], [25, 115]]
76, 19, 10, 0.8

"39267301.a1"	39267301	4	[]	0	[0, -1, 1, -101, 285]	[[3, 0], [-3, 23], [-7, 24], [27, 128]]
65, 30, 11, 0.6842105263157895

"39346981.a1"	39346981	4	[]	0	[0, -1, 1, -871, -9605]	[[-17, 0], [-67/2, 13/2], [35, 39], [53, 300]]
75, 20, 12, 0.7894736842105263

"39382043.a1"	39382043	4	[]	0	[0, -1, 1, -99, 519]	[[3, 15], [13, 35], [1, 20], [-9, 24]]
74, 21, 11, 0.7789473684210526

"39415913.a1"	39415913	4	[]	0	[1, 1, 1, -65, 336]	[[6, 11], [7, 13], [-2, 22], [-9, 21]]
73, 22, 10, 0.7684210526315789

"39538117.a1"	39538117	4	[]	0	[0, 0, 1, -211, 1140]	[[10, 5], [5, 14], [6, 9], [7, 2]]
74, 21, 8, 0.7789473684210526

"39639403.a1"	39639403	4	[]	0	[0, 0, 1, -1172, 15446]	[[20, 2], [18, 13], [81/2, 29/2], [-16, 173]]
73, 22, 11, 0.7684210526315789

"39752029.a1"	39752029	4	[]	0	[0, -1, 1, -177, -798]	[[-6, 3], [-8, 6], [16, 14], [-27/2, 49/2]]
68, 27, 10, 0.7157894736842105

"39773807.a1"	39773807	4	[]	0	[1, 0, 0, -184, -927]	[[-7, 9], [-9, 9], [-8, -3], [-59/3, 11/3]]
72, 23, 6, 0.7578947368421053

"39821051.a1"	39821051	4	[]	0	[0, -1, 1, -312, 2250]	[[10, 5], [9, 9], [12, 9], [3, 36]]
75, 20, 7, 0.7894736842105263

"39858811.a1"	39858811	4	[]	0	[0, 1, 1, -292, 1850]	[[8, 9], [13, 20], [10, 5], [11, 9]]
69, 26, 11, 0.7263157894736842

"39911741.a1"	39911741	4	[]	0	[1, -1, 1, -84, 444]	[[6, 8], [1, 18], [9, 14], [-2, 25]]
69, 26, 7, 0.7263157894736842

"39958673.a1"	39958673	4	[]	0	[1, 1, 1, 5, 306]	[[0, 17], [-4, 17], [11, 37], [6, 21]]
73, 22, 11, 0.7684210526315789

"39967637.a1"	39967637	4	[]	0	[0, 1, 1, -374, 2646]	[[10, 2], [12, 5], [9, 9], [7, 20]]
74, 21, 10, 0.7789473684210526

"40079573.a1"	40079573	4	[]	0	[1, -1, 1, -381, 2970]	[[11, -1], [10, 4], [14, 8], [3, 41]]
72, 23, 8, 0.7578947368421053

"40152923.a1"	40152923	4	[]	0	[0, 0, 1, -157, 816]	[[6, 9], [5, 12], [9, 11], [11, 20]]
68, 27, 12, 0.7157894736842105

"40360891.a1"	40360891	4	[]	0	[0, 1, 1, -82, 392]	[[7, 14], [-2, 23], [2, 15], [5, 11]]
76, 19, 10, 0.8

"40606123.a1"	40606123	4	[]	0	[0, 1, 1, -814, 8678]	[[16, 2], [17, 6], [18, 13], [9, 46]]
68, 27, 10, 0.7157894736842105

"40657483.a1"	40657483	4	[]	0	[0, 0, 1, 13, 306]	[[-3, 15], [-2, 16], [-6, 3], [0, 17]]
75, 20, 12, 0.7894736842105263

"40662581.a1"	40662581	4	[]	0	[0, 1, 1, -406, 3002]	[[12, 1], [10, 6], [7, 23], [13, 9]]
80, 15, 15, 0.8421052631578947

"40706339.a1"	40706339	4	[]	0	[1, 0, 0, -89, 94]	[[1, 2], [9, 2], [-1, 14], [-5, 23]]
70, 25, 7, 0.7368421052631579

"41001319.a1"	41001319	4	[]	0	[1, -1, 1, -129, -438]	[[-4, 1], [-8, 9], [-6, -7], [20, 58]]
76, 19, 9, 0.8

"41060309.a1"	41060309	4	[]	0	[1, 0, 0, -135, 508]	[[4, 4], [9, 2], [3, 10], [13, 25]]
74, 21, 18, 0.7789473684210526

"41274349.a1"	41274349	4	[]	0	[0, 1, 1, -597, -5810]	[[-14, 0], [-59/2, 13/2], [28, 14], [-128/3, 55/3]]
69, 26, 13, 0.7263157894736842

"41285579.a1"	41285579	4	[]	0	[1, 1, 1, -2996, 61872]	[[31, -14], [30, -4], [43, 100], [16, 127]]
70, 25, 10, 0.7368421052631579

"41648443.a1"	41648443	4	[]	0	[0, 1, 1, -204, 1098]	[[8, 6], [9, 8], [13, 28], [11, 17]]
77, 18, 9, 0.8105263157894737

"41860043.a1"	41860043	4	[]	0	[0, 0, 1, -16441, 811410]	[[74, 0], [75, 14], [70, 59], [89, 230]]
71, 24, 12, 0.7473684210526316

"42048011.a1"	42048011	4	[]	0	[0, -1, 1, -9, 315]	[[3, 17], [1, 17], [-5, 14], [37/2, 241/2]]
77, 18, 13, 0.8105263157894737

"42175829.a1"	42175829	4	[]	0	[0, 1, 1, -132, -540]	[[-6, 8], [-7, 9], [-9, 0], [-5, 4]]
72, 23, 10, 0.7578947368421053

"42197167.a1"	42197167	4	[]	0	[1, -1, 1, -225, 1314]	[[7, 3], [12, 9], [6, 9], [23, 77]]
76, 19, 8, 0.8

"42227483.b1"	42227483	4	[]	0	[0, -1, 1, -95, 507]	[[5, 11], [3, 15], [-1, 24], [-9, 23]]
82, 13, 11, 0.8631578947368421

"42243499.a1"	42243499	4	[]	0	[0, 1, 1, -281, 1749]	[[9, 5], [11, 10], [13, 21], [21, 74]]
78, 17, 12, 0.8210526315789474

"42286357.a1"	42286357	4	[]	0	[0, -1, 1, -254, 1614]	[[8, 5], [11, 5], [3, 29], [18, 50]]
72, 23, 13, 0.7578947368421053

"42349859.a1"	42349859	4	[]	0	[0, 0, 1, 32, 305]	[[-5, 4], [-1, 16], [-3, 13], [107, 1108]]
75, 20, 15, 0.7894736842105263

"42431947.a1"	42431947	4	[]	0	[0, 1, 1, 22, 318]	[[-4, 13], [1, 18], [6, 26], [-3/2, 135/2]]
76, 19, 14, 0.8

"42516763.a1"	42516763	4	[]	0	[0, 1, 1, -339, 2313]	[[9, 8], [13, 16], [3, 36], [-1, 51]]
71, 24, 13, 0.7473684210526316

"42651893.a1"	42651893	4	[]	0	[1, 1, 1, -494, 4032]	[[13, -2], [6, 33], [16, 15], [21, 48]]
74, 21, 7, 0.7789473684210526

"42929917.a1"	42929917	4	[]	0	[1, 0, 0, -143, 718]	[[7, 5], [2, 20], [11, 17], [-14, 2]]
81, 14, 10, 0.8526315789473684

"42960277.a1"	42960277	4	[]	0	[0, 0, 1, -307, 2046]	[[11, 0], [9, 3], [7, 15], [6, 20]]
72, 23, 10, 0.7578947368421053

"43300171.a1"	43300171	4	[]	0	[0, 0, 1, -29, 322]	[[2, 16], [7, 21], [-5, 18], [-7, 13]]
68, 27, 7, 0.7157894736842105

"43300171.b1"	43300171	4	[]	0	[0, 1, 1, -163677, 25433157]	[[233, 6], [933/2, -3/2], [957/2, 1273/2], [365, 3801]]
73, 22, 7, 0.7684210526315789

"43382309.a1"	43382309	4	[]	0	[1, 0, 0, -180, 859]	[[6, -1], [11, 10], [5, 7], [26, 105]]
67, 28, 11, 0.7052631578947368

"43398197.a1"	43398197	4	[]	0	[0, 1, 1, -98, -234]	[[-3, 6], [-5, 12], [-9, 0], [45, 297]]
73, 22, 6, 0.7684210526315789

"43444501.a1"	43444501	4	[]	0	[0, -1, 1, -356, 2688]	[[12, 0], [9, 11], [17, 35], [2, 44]]
74, 21, 11, 0.7789473684210526

"43494571.c1"	43494571	4	[]	0	[0, 1, 1, 83, -103]	[[3, 13], [5, 21], [5/2, 13/2], [75, 658]]
78, 17, 14, 0.8210526315789474

"43504387.a1"	43504387	4	[]	0	[0, 1, 1, 47, 308]	[[-2, 14], [-4, 8], [8, 35], [-19/2, 1/2]]
73, 22, 13, 0.7684210526315789

"43678757.a1"	43678757	4	[]	0	[0, 1, 1, -88, 2]	[[0, 1], [-4, 17], [-5, 18], [-1, 9]]
70, 25, 12, 0.7368421052631579

"43743587.a1"	43743587	4	[]	0	[1, 0, 0, -140, 541]	[[4, 5], [9, 1], [-5, 36], [28, 123]]
75, 20, 8, 0.7894736842105263

"44166481.a1"	44166481	4	[]	0	[1, 1, 1, -236, 1260]	[[7, 0], [12, 12], [10, 0], [40, 220]]
71, 24, 7, 0.7473684210526316

"44308181.a1"	44308181	4	[]	0	[0, 1, 1, -136, -568]	[[-5, 3], [-7, 9], [-8, 8], [13, 5]]
72, 23, 11, 0.7578947368421053

"44425441.a1"	44425441	4	[]	0	[1, 0, 0, -1049, 12994]	[[19, -6], [18, -4], [25, 38], [7, 74]]
73, 22, 7, 0.7684210526315789

"44430709.a1"	44430709	4	[]	0	[1, 0, 0, -2302, 42319]	[[27, -8], [30, 7], [111/2, -107/2], [250/3, -401/3]]
68, 27, 10, 0.7157894736842105

"44610011.a1"	44610011	4	[]	0	[0, -1, 1, -52, 370]	[[4, 14], [5, 14], [-2, 21], [-7, 18]]
77, 18, 11, 0.8105263157894737

"44916629.a1"	44916629	4	[]	0	[0, 1, 1, -90, 42]	[[0, 6], [9, 6], [-1, 11], [20, 81]]
70, 25, 10, 0.7368421052631579

"44943589.a1"	44943589	4	[]	0	[1, -1, 1, -129, 492]	[[9, -3], [2, 14], [4, 3], [10, 6]]
68, 27, 9, 0.7157894736842105

"45031829.a1"	45031829	4	[]	0	[0, 1, 1, -104, -288]	[[-5, 11], [-6, 12], [-3, 2], [-9, 0]]
74, 21, 9, 0.7789473684210526

"45102763.a1"	45102763	4	[]	0	[0, 1, 1, 65, 275]	[[-1, 14], [1, 18], [7, 33], [21, 106]]
73, 22, 12, 0.7684210526315789

"45508741.a1"	45508741	4	[]	0	[0, -1, 1, -1826, 30648]	[[26, 8], [24, 8], [21, 33], [11, 108]]
76, 19, 10, 0.8

"45653999.b1"	45653999	4	[]	0	[1, 0, 0, -251, 1544]	[[8, 4], [5, 18], [20, 58], [-7, 58]]
77, 18, 12, 0.8105263157894737

"45791777.a1"	45791777	4	[]	0	[1, 0, 0, -145, 576]	[[4, 6], [9, 0], [13, 24], [11, 13]]
76, 19, 10, 0.8

"45850969.a1"	45850969	4	[]	0	[1, -1, 1, -99, -166]	[[-2, 5], [-7, -9], [-6, 16], [-17/2, -89/2]]
79, 16, 8, 0.8315789473684211

"46219093.a1"	46219093	4	[]	0	[1, 0, 0, -80, 421]	[[4, 11], [3, 13], [-7, 29], [1, 18]]
76, 19, 8, 0.8

"46389029.a1"	46389029	4	[]	0	[0, 1, 1, -112, -358]	[[-7, 11], [-8, 9], [-4, 6], [-9, 1]]
78, 17, 8, 0.8210526315789474

"46535077.a1"	46535077	4	[]	0	[0, 0, 1, -1261, 17232]	[[20, 3], [21, 3], [19, 11], [11, 68]]
77, 18, 20, 0.8105263157894737

"46943803.a1"	46943803	4	[]	0	[0, 1, 1, -524, 4458]	[[13, 3], [12, 6], [9, 23], [19, 41]]
75, 20, 11, 0.7894736842105263

"47112277.a1"	47112277	4	[]	0	[0, -1, 1, -90, 42]	[[0, 6], [-9, 6], [-2, 14], [-5, 18]]
77, 18, 7, 0.8105263157894737

"47251931.a1"	47251931	4	[]	0	[0, -1, 1, -222, 1392]	[[9, 6], [10, 8], [6, 15], [7, 11]]
77, 18, 12, 0.8105263157894737

"47381429.a1"	47381429	4	[]	0	[0, 1, 1, -282, -1890]	[[-10, 5], [-9, 0], [-11, 1], [-43/2, 27/2]]
72, 23, 12, 0.7578947368421053

"47406613.a1"	47406613	4	[]	0	[1, 1, 1, -758, 7710]	[[15, -6], [16, -6], [10, 30], [120, 1229]]
74, 21, 11, 0.7789473684210526

"47561557.a1"	47561557	4	[]	0	[0, -1, 1, -100, 232]	[[1, 11], [-2, 20], [10, 11], [-4, 23]]
62, 33, 5, 0.6526315789473685

"47643403.a1"	47643403	4	[]	0	[0, 1, 1, -44, 336]	[[4, 15], [3, 15], [-2, 20], [-6, 20]]
72, 23, 10, 0.7578947368421053

"47706629.a1"	47706629	4	[]	0	[0, 1, 1, -122, 360]	[[3, 5], [10, 15], [1, 15], [9, 8]]
73, 22, 11, 0.7684210526315789

"47775877.a1"	47775877	4	[]	0	[0, -1, 1, -1514, 23184]	[[23, 0], [21, 14], [27, 35], [17, 45]]
68, 27, 7, 0.7157894736842105

"47987909.a1"	47987909	4	[]	0	[0, 0, 1, -119, 372]	[[3, 6], [9, 5], [10, 13], [-6, 29]]
80, 15, 14, 0.8421052631578947

"48030133.a1"	48030133	4	[]	0	[1, 0, 0, -100, 501]	[[5, 9], [7, 9], [-4, 31], [4, 11]]
70, 25, 8, 0.7368421052631579

"48090683.a1"	48090683	4	[]	0	[0, -1, 1, -20, 342]	[[2, 17], [-7, 9], [-6, 14], [0, 18]]
71, 24, 11, 0.7473684210526316

"48373433.a1"	48373433	4	[]	0	[1, -1, 1, -1686, 27062]	[[24, -14], [25, -4], [33, 64], [217/3, -286/3]]
74, 21, 13, 0.7789473684210526

"48402677.a1"	48402677	4	[]	0	[0, 1, 1, -190, 890]	[[5, 9], [4, 14], [10, 9], [6, 1]]
64, 31, 11, 0.6736842105263158

"48606869.a1"	48606869	4	[]	0	[0, 1, 1, -2924, 59892]	[[31, 0], [30, 8], [28, 27], [45, 146]]
64, 31, 11, 0.6736842105263158

"48655457.a1"	48655457	4	[]	0	[1, -1, 1, 90, -82]	[[1, 2], [6, 22], [33, 178], [41, 246]]
72, 23, 10, 0.7578947368421053

"49079189.a1"	49079189	4	[]	0	[0, 1, 1, -122, -438]	[[-4, 1], [-8, 9], [-9, 3], [-5, 8]]
68, 27, 10, 0.7157894736842105

"49478491.a1"	49478491	4	[]	0	[0, 1, 1, -44, 342]	[[5, 16], [0, 18], [-9, 9], [-5, 21]]
70, 25, 11, 0.7368421052631579

"49646573.a1"	49646573	4	[]	0	[1, -1, 1, -2835, 58800]	[[31, -15], [30, -6], [123/2, -107/2], [280/3, -475/3]]
74, 21, 8, 0.7789473684210526

"49784003.a1"	49784003	4	[]	0	[1, -1, 1, -27, 350]	[[1, 17], [5, 15], [6, 16], [-4, 21]]
77, 18, 13, 0.8105263157894737

"50156131.a1"	50156131	4	[]	0	[1, 0, 0, -282, 1831]	[[10, 1], [11, 4], [5, 21], [9, 2]]
74, 21, 6, 0.7789473684210526

"50173847.a1"	50173847	4	[]	0	[1, 0, 0, -279, 1738]	[[11, 0], [6, 14], [14, 18], [-3, 52]]
73, 22, 13, 0.7684210526315789

"50216239.a1"	50216239	4	[]	0	[1, -1, 1, -609, 5922]	[[15, -7], [14, -8], [12, 9], [16, 1]]
78, 17, 5, 0.8210526315789474

"50376629.a1"	50376629	4	[]	0	[0, 1, 1, -2104, 36452]	[[26, 0], [27, 7], [23, 27], [16, 84]]
68, 27, 11, 0.7157894736842105

"50480789.a1"	50480789	4	[]	0	[0, 1, 1, -8067, 276207]	[[51, 6], [53, 18], [57, 69], [31, 238]]
67, 28, 8, 0.7052631578947368

"50485307.a1"	50485307	4	[]	0	[1, 0, 0, -94, -87]	[[-1, 3], [-8, -9], [-7, 19], [13, 24]]
73, 22, 8, 0.7684210526315789

"50521181.a1"	50521181	4	[]	0	[1, 1, 1, -42, 340]	[[5, 14], [-2, 21], [8, 20], [20, 79]]
75, 20, 15, 0.7894736842105263

"50525821.a1"	50525821	4	[]	0	[0, 0, 1, -148, -603]	[[-5, 3], [-9, 0], [-7, 9], [-31/2, 67/2]]
75, 20, 15, 0.7894736842105263

"50541941.a1"	50541941	4	[]	0	[0, 1, 1, -1606, 24242]	[[23, 0], [22, 6], [25, 18], [93/2, 23/2]]
77, 18, 9, 0.8105263157894737

"50750123.a1"	50750123	4	[]	0	[0, -1, 1, 46, 306]	[[-3, 11], [0, 17], [-4, 6], [3, 21]]
75, 20, 10, 0.7894736842105263

"50846729.a1"	50846729	4	[]	0	[1, 0, 0, -122, 379]	[[3, 5], [2, 11], [-5, 32], [-11, 26]]
70, 25, 9, 0.7368421052631579

"50953163.a1"	50953163	4	[]	0	[0, 1, 1, 66, -254]	[[4, 9], [7, 24], [37/2, 277/2], [13/2, 15/2]]
69, 26, 8, 0.7263157894736842

"51037199.a1"	51037199	4	[]	0	[1, -1, 1, -48, 378]	[[4, 13], [3, 14], [8, 17], [-2, 22]]
74, 21, 10, 0.7789473684210526

"51188327.a1"	51188327	4	[]	0	[1, 0, 0, -120, 361]	[[3, 4], [0, 19], [-7, 33], [-11, 25]]
74, 21, 14, 0.7789473684210526

"51201259.a1"	51201259	4	[]	0	[0, 1, 1, -6, 342]	[[0, 18], [2, 18], [-7, 9], [8, 29]]
64, 31, 14, 0.6736842105263158

"51574879.a1"	51574879	4	[]	0	[1, 0, 0, -181, 984]	[[8, 4], [5, 12], [13, 23], [7, 5]]
83, 12, 10, 0.8736842105263158

"51712523.a1"	51712523	4	[]	0	[0, -1, 1, -8459, 302289]	[[53, 5], [51, 30], [57, 45], [149/2, 1545/2]]
78, 17, 7, 0.8210526315789474

"51742981.a1"	51742981	4	[]	0	[0, 0, 1, -193, 972]	[[6, 5], [10, 6], [3, 20], [5, 11]]
64, 31, 7, 0.6736842105263158

"51984917.a1"	51984917	4	[]	0	[0, 0, 1, -95, -82]	[[-1, 3], [-7, 15], [-6, 16], [41/2, 33/2]]
64, 31, 4, 0.6736842105263158

"52101473.a1"	52101473	4	[]	0	[1, 1, 1, -145, 696]	[[6, 6], [8, 7], [-1, 29], [2, 19]]
71, 24, 7, 0.7473684210526316

"52188853.a1"	52188853	4	[]	0	[1, 0, 0, 90, 121]	[[-1, 6], [5, 24], [0, 11], [3, 19]]
74, 21, 9, 0.7789473684210526

"52687123.a1"	52687123	4	[]	0	[1, 0, 0, -1203, 15964]	[[20, -8], [19, -2], [21, -2], [-35, 142]]
79, 16, 11, 0.8315789473684211

"52850881.a1"	52850881	4	[]	0	[1, 0, 0, -104, 529]	[[7, 9], [8, 11], [0, 23], [16, 47]]
66, 29, 14, 0.6947368421052632

"52984741.a1"	52984741	4	[]	0	[1, 0, 0, -121, 364]	[[3, 4], [-3, 28], [15, 37], [33, 164]]
70, 25, 12, 0.7368421052631579

"53011531.a1"	53011531	4	[]	0	[0, 0, 1, -479, 4050]	[[13, 4], [12, 5], [15, 15], [18, 35]]
74, 21, 11, 0.7789473684210526

"53232119.a1"	53232119	4	[]	0	[1, 0, 0, -1017, 12394]	[[18, -8], [19, -5], [17, 1], [10, 52]]
67, 28, 3, 0.7052631578947368

"53691893.a1"	53691893	4	[]	0	[1, 1, 1, 62, 324]	[[-3, 12], [-4, 7], [2, 20], [53, 368]]
75, 20, 12, 0.7894736842105263

"53694611.a1"	53694611	4	[]	0	[1, -1, 1, -69, 432]	[[4, 12], [5, 11], [9, 17], [-6, 27]]
65, 30, 14, 0.6842105263157895

"53719093.a1"	53719093	4	[]	0	[0, 0, 1, -115, -318]	[[-3, 0], [-8, 9], [-6, 12], [-5, 11]]
74, 21, 17, 0.7789473684210526

"53765941.a1"	53765941	4	[]	0	[1, 0, 0, -142, 729]	[[7, 6], [0, 27], [8, 7], [-8, 41]]
76, 19, 12, 0.8

"53807653.a1"	53807653	4	[]	0	[1, 0, 0, -79, 438]	[[7, 12], [-3, 27], [-11, 8], [2, 16]]
70, 25, 7, 0.7368421052631579

"53832511.a1"	53832511	4	[]	0	[1, 0, 0, -64, 399]	[[5, 12], [7, 14], [-6, 27], [-5, 27]]
70, 25, 7, 0.7368421052631579

"53833399.a1"	53833399	4	[]	0	[1, 1, 1, -344, -2574]	[[-12, 5], [-11, 0], [-41/2, 47/2], [-45/2, 1/2]]
73, 22, 16, 0.7684210526315789

"54036611.a1"	54036611	4	[]	0	[0, 0, 1, 56, -315]	[[5, 9], [7, 20], [17, 74], [17/2, -5/2]]
76, 19, 12, 0.8

"54092149.a1"	54092149	4	[]	0	[0, -1, 1, -59382, 5589522]	[[141, 0], [139, 41], [129, 243], [17065/11, -839/11]]
76, 19, 10, 0.8

"54098953.a1"	54098953	4	[]	0	[1, 0, 0, -410, 3181]	[[12, -1], [13, 3], [15, 14], [9, 11]]
73, 22, 10, 0.7684210526315789

"54274877.a1"	54274877	4	[]	0	[0, 0, 1, -332, 2301]	[[9, 6], [13, 13], [-21, 3], [-15, 62]]
78, 17, 8, 0.8210526315789474

"54277253.a1"	54277253	4	[]	0	[0, 1, 1, -128, 390]	[[3, 6], [10, 14], [-3, 27], [-12, 18]]
68, 27, 9, 0.7157894736842105

"54291077.a1"	54291077	4	[]	0	[0, 0, 1, -107, 236]	[[9, 1], [-1, 18], [2, 5], [14, 38]]
72, 23, 9, 0.7578947368421053

"54440131.a1"	54440131	4	[]	0	[0, 1, 1, 85, -162]	[[2, 4], [6, 24], [36, 225], [53/2, 467/2]]
70, 25, 6, 0.7368421052631579

"54476693.a1"	54476693	4	[]	0	[0, 0, 1, -95, 30]	[[0, 5], [-9, 12], [-5, 19], [15, 44]]
72, 23, 3, 0.7578947368421053

"54507821.a1"	54507821	4	[]	0	[1, 1, 1, -107, 510]	[[6, 8], [7, 9], [-9, 33], [-8, 34]]
58, 37, 8, 0.6105263157894737

"54579121.a1"	54579121	4	[]	0	[1, 0, 0, -87, 466]	[[6, 10], [-1, 24], [11, 24], [1, 19]]
81, 14, 8, 0.8526315789473684

"54588571.a1"	54588571	4	[]	0	[0, 1, 1, 18, 360]	[[-1, 18], [-4, 15], [-6, 8], [1, 19]]
77, 18, 9, 0.8105263157894737

"54605087.a1"	54605087	4	[]	0	[1, -1, 1, -136, -460]	[[-4, 4], [-6, 13], [14, 8], [21, 64]]
73, 22, 6, 0.7684210526315789

"54673163.a1"	54673163	4	[]	0	[0, -1, 1, -588, 5700]	[[15, 5], [16, 11], [9, 32], [1, 71]]
67, 28, 8, 0.7052631578947368

"54854939.a1"	54854939	4	[]	0	[0, -1, 1, -36, 378]	[[1, 18], [6, 18], [9, 26], [27, 135]]
74, 21, 11, 0.7789473684210526

"54870869.a1"	54870869	4	[]	0	[0, 1, 1, -107, -273]	[[-3, 5], [-7, 13], [-9, 6], [11, 1]]
80, 15, 6, 0.8421052631578947

"54997403.a1"	54997403	4	[]	0	[0, -1, 1, -1380, 20202]	[[22, 2], [21, 6], [25, 26], [15, 51]]
71, 24, 12, 0.7473684210526316

"55176643.a1"	55176643	4	[]	0	[1, 0, 0, 95, 36]	[[0, 6], [1, 11], [7, 29], [9, 36]]
75, 20, 11, 0.7894736842105263

"55176811.a1"	55176811	4	[]	0	[0, 1, 1, -77, 417]	[[5, 13], [-5, 26], [1, 18], [-9, 21]]
75, 20, 10, 0.7894736842105263

"55207189.a1"	55207189	4	[]	0	[1, 0, 0, -16, 357]	[[1, 18], [-4, 21], [-3, 21], [4, 17]]
69, 26, 8, 0.7263157894736842

"55207403.a1"	55207403	4	[]	0	[0, -1, 1, 32, 340]	[[-5, 5], [5, 24], [-1, 17], [115, 1229]]
76, 19, 13, 0.8

"55240517.a1"	55240517	4	[]	0	[0, 1, 1, -570, 5040]	[[14, 0], [12, 8], [15, 9], [16, 16]]
74, 21, 15, 0.7789473684210526

"55273019.a1"	55273019	4	[]	0	[0, 1, 1, -116, 562]	[[5, 11], [8, 14], [2, 18], [20, 81]]
69, 26, 8, 0.7263157894736842

"55429981.a1"	55429981	4	[]	0	[1, 0, 0, -192, 1069]	[[9, 5], [12, 17], [5, 13], [20, 63]]
75, 20, 8, 0.7894736842105263

"55753937.a1"	55753937	4	[]	0	[1, 0, 0, -6015, 179056]	[[45, -19], [44, -14], [179/2, -177/2], [9, 350]]
79, 16, 8, 0.8315789473684211

"55815281.a1"	55815281	4	[]	0	[1, -1, 1, -2271, 42216]	[[28, -12], [27, -7], [32, 23], [22, 39]]
76, 19, 13, 0.8

"55831793.a1"	55831793	4	[]	0	[1, 1, 1, 20, 366]	[[-4, 17], [-6, 11], [5, 22], [-3, 18]]
74, 21, 12, 0.7789473684210526

"55844027.a1"	55844027	4	[]	0	[1, -1, 1, -187, 960]	[[6, 2], [10, -1], [15, 29], [12, 12]]
68, 27, 7, 0.7157894736842105

"55869571.a1"	55869571	4	[]	0	[1, 0, 0, -1209, 16084]	[[20, -8], [25, 28], [16, 22], [-1, 132]]
74, 21, 10, 0.7789473684210526

"56066261.a1"	56066261	4	[]	0	[1, 1, 1, 93, 142]	[[-1, 7], [4, 22], [2, 17], [71/2, 631/2]]
73, 22, 8, 0.7684210526315789

"56097577.a1"	56097577	4	[]	0	[1, 0, 0, 12, 361]	[[0, 19], [-5, 16], [13, 46], [5, 21]]
66, 29, 16, 0.6947368421052632

"56160971.a1"	56160971	4	[]	0	[0, 1, 1, -207, 1135]	[[1, 30], [19, 66], [-5, 45], [25, 110]]
65, 30, 11, 0.6842105263157895

"56219483.a1"	56219483	4	[]	0	[1, 1, 1, -29, -378]	[[9, 9], [10, 16], [28, 133], [21, 83]]
73, 22, 8, 0.7684210526315789

"56269163.a1"	56269163	4	[]	0	[0, -1, 1, -14, 366]	[[2, 18], [3, 18], [-7, 8], [8, 26]]
73, 22, 12, 0.7684210526315789

"56419003.a1"	56419003	4	[]	0	[0, 0, 1, -365, 2708]	[[12, 7], [14, 18], [3, 40], [23, 80]]
70, 25, 13, 0.7368421052631579

"56482021.a1"	56482021	4	[]	0	[0, 0, 1, -3793, 89912]	[[36, 4], [38, 25], [25, 103], [43, 79]]
65, 30, 11, 0.6842105263157895

"56558377.a1"	56558377	4	[]	0	[1, -1, 1, -285, 1884]	[[8, 4], [12, 3], [13, 9], [-3, 53]]
75, 20, 11, 0.7894736842105263

"56765419.b1"	56765419	4	[]	0	[1, 1, 1, -407, 2970]	[[12, -7], [10, 0], [15, 15], [7, 19]]
73, 22, 12, 0.7684210526315789

"56810099.a1"	56810099	4	[]	0	[1, 0, 0, -119, 334]	[[3, 1], [10, 8], [-6, 32], [9, -1]]
68, 27, 8, 0.7157894736842105

"56934629.a1"	56934629	4	[]	0	[0, 1, 1, -112, 242]	[[2, 5], [-5, 26], [-2, 21], [1, 11]]
66, 29, 5, 0.6947368421052632

"57040183.a1"	57040183	4	[]	0	[1, -1, 1, -415, 3374]	[[12, -2], [17, 23], [21, 49], [38, 184]]
74, 21, 10, 0.7789473684210526

"57162101.a1"	57162101	4	[]	0	[0, 1, 1, -202, -1114]	[[-7, 2], [-10, 2], [-9, 7], [18, 37]]
76, 19, 7, 0.8

"57162997.a1"	57162997	4	[]	0	[0, 0, 1, -97, -54]	[[-1, 6], [-9, 9], [-3, 14], [-8, 14]]
72, 23, 15, 0.7578947368421053

"57533131.a1"	57533131	4	[]	0	[0, 1, 1, -90, 462]	[[4, 13], [0, 21], [9, 21], [-5, 28]]
65, 30, 10, 0.6842105263157895

"57590711.a1"	57590711	4	[]	0	[1, -1, 1, -6, -364]	[[8, 3], [10, 17], [12, 28], [31/2, -5/2]]
70, 25, 5, 0.7368421052631579

