6	"65.a1"	65	[1, 0, 0, -1, 0]	[[1, 0]]
6	"82.a1"	82	[1, 0, 1, -12, -16]	[[-2, 1]]
6	"91.b2"	91	[0, 1, 1, -7, 5]	[[3, 4]]
6	"124.a1"	124	[0, 1, 0, -2, 1]	[[2, 3]]
6	"128.a2"	128	[0, 1, 0, 1, 1]	[[0, 1]]
6	"130.a3"	130	[1, 0, 1, -13, 156]	[[5, 12]]
6	"130.a4"	130	[1, 0, 1, 112, -4194]	[[17, 43]]
6	"136.a2"	136	[0, 1, 0, 16, 16]	[[0, 4]]
4	"145.a1"	145	[1, -1, 1, -3, 2]	[[0, 1]]
4	"154.a1"	154	[1, -1, 0, -469, 4029]	[[11, 5]]
6	"185.c1"	185	[1, 0, 1, -4, -3]	[[3, 2]]
4	"205.a2"	205	[1, -1, 1, -27, 26]	[[6, 4]]
4	"205.a4"	205	[1, -1, 1, 98, 126]	[[1, 14]]
6	"220.a1"	220	[0, 1, 0, -7100, -232652]	[[131, 1050]]
6	"220.a2"	220	[0, 1, 0, -445, -3720]	[[-12, 6]]
6	"220.a3"	220	[0, 1, 0, -100, -252]	[[-8, 10]]
6	"224.a2"	224	[0, 1, 0, 2, 0]	[[1, 2]]
6	"226.a1"	226	[1, 0, 0, -45, -119]	[[-4, 3]]
6	"226.a2"	226	[1, 0, 0, -5, 1]	[[0, 1]]
4	"238.a2"	238	[1, -1, 0, 2, 0]	[[1, 1]]
6	"238.c2"	238	[1, 0, 0, -60, 16]	[[-4, 16]]
6	"254.b1"	254	[1, 0, 0, -24432, -1471934]	[[-36131/20, 361313/20]]
6	"254.b2"	254	[1, 0, 0, -302, -2036]	[[-10, 8]]
4	"256.b2"	256	[0, 0, 0, 8, 0]	[[1, 3]]
4	"265.a1"	265	[1, -1, 1, -138, 656]	[[6, 1]]
6	"272.a1"	272	[0, 1, 0, -48, -140]	[[-4, 2]]
6	"272.a2"	272	[0, 1, 0, -8, 4]	[[0, 2]]
4	"272.b1"	272	[0, 0, 0, -1451, 21274]	[[31, 78]]
4	"272.b2"	272	[0, 0, 0, -91, 330]	[[7, 6]]
4	"272.b4"	272	[0, 0, 0, -11, 890]	[[-1, 30]]
4	"274.b2"	274	[1, -1, 0, 8, -6]	[[1, 1]]
4	"275.a3"	275	[1, -1, 1, -105, 272]	[[0, 16]]
4	"275.a4"	275	[1, -1, 1, 20, 22]	[[8, 21]]
6	"277.a1"	277	[1, 0, 1, 0, -1]	[[1, 0]]
4	"289.a2"	289	[1, -1, 1, -1644, -24922]	[[-589/5, 3594/5]]
4	"290.a1"	290	[1, -1, 0, -70, -204]	[[-5, 4]]
6	"310.a2"	310	[1, 0, 0, -1706, 26980]	[[36, 94]]
6	"310.a3"	310	[1, 0, 0, -106, 420]	[[6, 0]]
6	"320.a2"	320	[0, 1, 0, -145, 975]	[[-5, 40]]
6	"320.a3"	320	[0, 1, 0, -5, -5]	[[3, 4]]
4	"320.c1"	320	[0, 0, 0, -428, -3408]	[[24, 12]]
4	"320.c2"	320	[0, 0, 0, -28, -48]	[[-3, 3]]
4	"322.a1"	322	[1, -1, 0, -238, 1470]	[[7, 7]]
6	"322.c2"	322	[1, 0, 0, -14, 4]	[[0, 2]]
4	"328.a2"	328	[0, 0, 0, 29, -66]	[[6, 18]]
7	"338.a1"	338	[1, -1, 0, -35944, -2868878]	[[3613/3, 180227/3]]
4	"340.a1"	340	[0, 0, 0, -28, 57]	[[2, 3]]
4	"368.c2"	368	[0, 0, 0, 5, -6]	[[3, 6]]
4	"370.b1"	370	[1, -1, 0, -395, -2925]	[[45, 240]]
4	"370.b2"	370	[1, -1, 0, -25, -39]	[[-3, 3]]
4	"370.b4"	370	[1, -1, 0, 25, -209]	[[7, 13]]
4	"374.a2"	374	[1, -1, 0, 128, -96]	[[5, 23]]
4	"377.a1"	377	[1, -1, 0, -158, -725]	[[22, 67]]
4	"377.a2"	377	[1, -1, 0, -13, 0]	[[-9/2, 39/2]]
4	"377.a4"	377	[1, -1, 0, 52, -39]	[[127/6, 2509/6]]
4	"380.a1"	380	[0, 0, 0, -103, -402]	[[14, 30]]
6	"385.a2"	385	[1, 0, 0, 0, 7]	[[-1, 3]]
4	"385.b1"	385	[1, -1, 1, -10267, 402966]	[[61, -1]]
4	"385.b3"	385	[1, -1, 1, -642, 6416]	[[6, 49]]
4	"385.b4"	385	[1, -1, 1, -37, 124]	[[2, 6]]
4	"392.d1"	392	[0, 0, 0, -14651, -682570]	[[1306/3, 13420/3]]
4	"392.d3"	392	[0, 0, 0, -931, -10290]	[[107, 1056]]
4	"400.e2"	400	[0, 0, 0, -175, 750]	[[1, 24]]
4	"406.a1"	406	[1, -1, 0, -4942, 134964]	[[41, -19]]
4	"410.b1"	410	[1, -1, 0, -214, 1260]	[[9, -3]]
6	"410.c1"	410	[1, 0, 0, -16, 0]	[[-2, 6]]
6	"410.c2"	410	[1, 0, 0, 64, 16]	[[6, 22]]
6	"425.a2"	425	[1, 0, 0, -88, -2583]	[[37, 194]]
4	"425.d1"	425	[1, -1, 0, -2267, -40984]	[[1589/4, 50597/4]]
4	"425.d2"	425	[1, -1, 0, -142, -609]	[[94, 853]]
6	"430.c1"	430	[1, 0, 0, -5626, -162894]	[[771/2, 18699/2]]
6	"430.c2"	430	[1, 0, 0, -36, -440]	[[10, 10]]
4	"434.a2"	434	[1, -1, 0, -7, -3]	[[6, 9]]
4	"440.a2"	440	[0, 0, 0, 17, -318]	[[7, 12]]
4	"440.b2"	440	[0, 0, 0, 2, -3]	[[2, 3]]
4	"442.b1"	442	[1, -1, 1, -1212, 16175]	[[27, 37]]
6	"443.a1"	443	[1, 0, 0, -3, -2]	[[-1, 1]]
6	"448.b1"	448	[0, 1, 0, -33, 31]	[[-1, 8]]
4	"448.d1"	448	[0, 0, 0, -1196, 15920]	[[29, 75]]
4	"448.d3"	448	[0, 0, 0, -76, 240]	[[8, 12]]
4	"448.e1"	448	[0, 0, 0, -1196, -15920]	[[124, 1320]]
4	"448.e3"	448	[0, 0, 0, -76, -240]	[[12, 24]]
4	"455.a1"	455	[1, -1, 1, -397, -2796]	[[-11, 17]]
4	"455.a2"	455	[1, -1, 1, -72, 194]	[[2, 6]]
4	"455.a3"	455	[1, -1, 1, -67, 226]	[[14, 36]]
4	"455.b1"	455	[1, -1, 0, -4670, -121675]	[[14797/12, 1102837/12]]
4	"455.b2"	455	[1, -1, 0, -295, -1800]	[[-41/2, 107/2]]
4	"455.b4"	455	[1, -1, 0, 160, -7169]	[[1087/6, 30553/6]]
3	"460.c2"	460	[0, 1, 0, 414, -13915]	[[613/3, 15625/3]]
4	"475.a2"	475	[1, -1, 1, 0, 2]	[[0, 1]]
4	"475.c2"	475	[1, -1, 0, 8, 291]	[[10, 31]]
4	"481.a1"	481	[1, -1, 0, -1693, 27240]	[[87/2, 63/2]]
4	"481.a2"	481	[1, -1, 0, -1688, 27405]	[[36, 93]]
6	"482.a1"	482	[1, 0, 1, -44, -150]	[[17, 55]]
4	"496.b1"	496	[0, 0, 0, -5291, -148134]	[[847/3, 11690/3]]
4	"496.b3"	496	[0, 0, 0, -331, -2310]	[[39, 210]]
4	"505.a1"	505	[1, -1, 0, -10, 15]	[[6, 9]]
6	"514.a2"	514	[1, 0, 0, 16, 4]	[[0, 2]]
4	"514.b1"	514	[1, -1, 1, -21931, -1244565]	[[565, 12620]]
4	"514.b2"	514	[1, -1, 1, -1371, -19189]	[[51, 178]]
4	"514.b3"	514	[1, -1, 1, -1291, -21589]	[[457/3, 4826/3]]
4	"514.b4"	514	[1, -1, 1, -91, -245]	[[-7, 6]]
4	"520.a1"	520	[0, 0, 0, -563, -5138]	[[169/2, 1725/2]]
4	"520.a2"	520	[0, 0, 0, -43, -42]	[[-2, 6]]
4	"520.a4"	520	[0, 0, 0, 157, -322]	[[38, 246]]
4	"530.b1"	530	[1, -1, 0, -4, 0]	[[4, 4]]
6	"539.d2"	539	[1, 0, 1, 170, -3237]	[[123, 1310]]
4	"544.c2"	544	[0, 0, 0, 5, 18]	[[2, 6]]
4	"545.a1"	545	[1, -1, 0, -914, -8277]	[[222, 3159]]
4	"545.a2"	545	[1, -1, 0, -289, 1848]	[[-8, 64]]
6	"550.c1"	550	[1, 0, 1, -106, 408]	[[3, 9]]
6	"550.c2"	550	[1, 0, 1, -6, 8]	[[1, 1]]
6	"551.a1"	551	[0, 1, 1, -116, 444]	[[9, 14]]
6	"551.d1"	551	[0, 1, 1, -2376, -61851]	[[509/2, 10465/2]]
4	"560.d2"	560	[0, 0, 0, -1403, -18902]	[[-17, 6]]
4	"560.d3"	560	[0, 0, 0, -283, 1482]	[[-3, 48]]
7	"574.g1"	574	[1, -1, 1, -9611313, -11466507927]	[[-402671/15, 3021062/15]]
4	"574.j2"	574	[1, -1, 1, 3, 5]	[[1, 2]]
4	"580.a2"	580	[0, 0, 0, 17, -42]	[[3, 6]]
4	"580.b2"	580	[0, 0, 0, 113, -234]	[[7, 30]]
4	"598.b1"	598	[1, -1, 0, -1802, 29898]	[[27, 6]]
4	"598.b2"	598	[1, -1, 0, -112, 492]	[[1, 19]]
4	"605.b2"	605	[1, -1, 1, -3532, 79786]	[[14, 174]]
4	"605.b3"	605	[1, -1, 1, -507, -2494]	[[26, 24]]
4	"605.b4"	605	[1, -1, 1, 98, -316]	[[84/5, 563/5]]
4	"610.b1"	610	[1, -1, 0, -2744, -54500]	[[106, 862]]
4	"610.b2"	610	[1, -1, 0, -244, 0]	[[-9, 42]]
6	"614.a1"	614	[1, 0, 0, -373, -2991]	[[96, 873]]
4	"616.c1"	616	[0, 0, 0, -251, 1510]	[[19, 60]]
4	"616.c2"	616	[0, 0, 0, -31, -30]	[[-3, 6]]
4	"616.c3"	616	[0, 0, 0, -26, -51]	[[6, 3]]
4	"616.c4"	616	[0, 0, 0, 109, -226]	[[11, 48]]
4	"616.d1"	616	[0, 0, 0, -355, 702]	[[18, 12]]
4	"620.b1"	620	[0, 0, 0, -1207, 9006]	[[87, 750]]
4	"626.a1"	626	[1, -1, 0, -17, -13]	[[-1, 2]]
4	"626.a2"	626	[1, -1, 0, -7, 9]	[[0, 3]]
4	"629.a1"	629	[1, -1, 1, -171, 1904]	[[16, 47]]
4	"629.c1"	629	[1, -1, 0, 11, -18]	[[2, 2]]
4	"640.c1"	640	[0, 0, 0, -13, 18]	[[-2, 6]]
4	"640.d1"	640	[0, 0, 0, -13, -18]	[[17/2, 15/2]]
4	"640.e1"	640	[0, 0, 0, -52, 144]	[[5, 3]]
4	"646.d1"	646	[1, -1, 1, -6486, 202661]	[[51, 25]]
6	"650.b1"	650	[1, 0, 1, -26, 48]	[[7, 11]]
4	"650.d1"	650	[1, -1, 0, -34667, -2475759]	[[399, 6663]]
4	"650.d2"	650	[1, -1, 0, -2167, -38259]	[[-27, 9]]
4	"656.b2"	656	[0, 0, 0, 29, 66]	[[-1, 6]]
4	"658.f2"	658	[1, -1, 1, 1668, 19775]	[[5, 165]]
2	"659.a1"	659	[1, 1, 0, -79, -306]	[[-50/3, 76/3]]
5	"665.a1"	665	[0, -1, 1, -16660, -1081562]	[[18757/6, 2475991/6]]
4	"665.e1"	665	[1, -1, 0, -194, 1085]	[[71/2, 367/2]]
4	"665.e2"	665	[1, -1, 0, -19, 0]	[[16, 52]]
4	"665.e3"	665	[1, -1, 0, -14, -17]	[[46/3, 67/3]]
6	"670.a1"	670	[1, 0, 1, -23, -174]	[[22, 89]]
6	"670.a2"	670	[1, 0, 1, 2, 6]	[[2, 3]]
4	"674.c1"	674	[1, -1, 1, -6, 5]	[[3, 1]]
4	"674.c2"	674	[1, -1, 1, 14, 21]	[[1, 5]]
4	"680.b2"	680	[0, 0, 0, -163, 462]	[[2, 12]]
4	"680.b4"	680	[0, 0, 0, 517, 3318]	[[138, 1644]]
6	"682.a1"	682	[1, 0, 0, -2003, -39269]	[[527/2, 10753/2]]
6	"682.a3"	682	[1, 0, 0, 167, 225]	[[0, 15]]
6	"689.a2"	689	[1, 0, 0, -9, 34]	[[-1, 7]]
4	"700.f2"	700	[0, 0, 0, -1375, -56250]	[[99, 882]]
5	"704.c1"	704	[0, -1, 0, -31281, 2139919]	[[922/3, 1/3]]
6	"706.b1"	706	[1, 0, 0, -178, -924]	[[-8, 6]]
4	"706.c2"	706	[1, -1, 1, 3, -25]	[[27/2, 101/2]]
4	"725.a1"	725	[1, -1, 0, -67, 216]	[[8, 8]]
4	"730.e1"	730	[1, -1, 0, -949, 11493]	[[17, -1]]
3	"740.b1"	740	[0, 1, 0, -12021, -511321]	[[-2291/6, 125/6]]
4	"752.a2"	752	[0, 0, 0, 5, 42]	[[-1, 6]]
6	"754.a1"	754	[1, 0, 1, -7, -6]	[[3, 0]]
6	"754.a2"	754	[1, 0, 1, 13, -30]	[[5, 10]]
4	"755.a1"	755	[0, 0, 1, 2, -1]	[[1, 1]]
6	"758.a1"	758	[1, 0, 1, 11, 0]	[[3, 6]]
4	"760.c1"	760	[0, 0, 0, -2027, 35126]	[[35, 84]]
4	"760.c2"	760	[0, 0, 0, -227, -434]	[[-5, 24]]
4	"760.c3"	760	[0, 0, 0, -127, 546]	[[5, 6]]
4	"760.c4"	760	[0, 0, 0, -2, 21]	[[6, 15]]
6	"770.b1"	770	[1, 0, 1, -848, 9006]	[[5, 67]]
4	"770.d1"	770	[1, -1, 0, -20909, -1158507]	[[189, 1176]]
4	"770.d3"	770	[1, -1, 0, -1309, -17787]	[[-21, 0]]
4	"770.d4"	770	[1, -1, 0, -29, -635]	[[19, 64]]
6	"770.f1"	770	[1, 0, 0, -26116, -1580604]	[[-96, 258]]
6	"770.f2"	770	[1, 0, 0, -3576, 81280]	[[38, 6]]
6	"770.f3"	770	[1, 0, 0, -56, 3136]	[[6, 52]]
6	"770.f4"	770	[1, 0, 0, 504, -84560]	[[58, 346]]
4	"776.a1"	776	[0, 0, 0, -31, 66]	[[1, 6]]
4	"776.a2"	776	[0, 0, 0, -11, 150]	[[3, 12]]
4	"781.b1"	781	[0, 0, 1, -808, 8840]	[[14, 16]]
6	"782.a2"	782	[1, 0, 1, 5, 6]	[[0, 2]]
6	"784.b1"	784	[0, 1, 0, -2140728, -1206278060]	[[33604/3, 5590214/3]]
6	"784.b2"	784	[0, 1, 0, -133688, -18913196]	[[548, 8526]]
6	"784.b3"	784	[0, 1, 0, -27848, -1475468]	[[-124, 294]]
6	"784.b6"	784	[0, 1, 0, 3512, -133260]	[[156, 2058]]
4	"784.f1"	784	[0, 0, 0, -29155, -1915998]	[[743, 19662]]
4	"784.f3"	784	[0, 0, 0, -595, 5586]	[[7, 42]]
3	"784.g1"	784	[0, 1, 0, -142, -701]	[[-65/3, 1/3]]
4	"791.a1"	791	[1, -1, 1, -4219, -104412]	[[48769/24, 4580395/24]]
4	"791.a2"	791	[1, -1, 1, -264, -1582]	[[619/3, 13898/3]]
4	"791.a4"	791	[1, -1, 1, -19, -14]	[[68, 522]]
4	"793.a1"	793	[1, -1, 0, -16, -21]	[[82/3, 497/3]]
4	"793.a2"	793	[1, -1, 0, -11, -38]	[[34, 178]]
6	"794.b1"	794	[1, 0, 0, -281373, -57471035]	[[103405/4, 32929675/4]]
6	"794.b2"	794	[1, 0, 0, -3473, -79127]	[[86, 467]]
6	"794.b3"	794	[1, 0, 0, 47, -471]	[[6, 3]]
6	"800.a2"	800	[0, 1, 0, -33, -1937]	[[23, 100]]
4	"800.d1"	800	[0, 0, 0, -275, -1750]	[[-86/3, 62/3]]
4	"800.d3"	800	[0, 0, 0, -25, 0]	[[-4, 6]]
4	"800.e2"	800	[0, 0, 0, 20, 0]	[[4, 12]]
4	"811.a1"	811	[0, 0, 1, -2, -2]	[[2, 1]]
4	"832.f1"	832	[0, 0, 0, -16, 24]	[[1, 3]]
6	"848.a1"	848	[0, 1, 0, -440, 3412]	[[6, 32]]
3	"854.b1"	854	[1, 0, 1, -56176, -5122754]	[[-31079/15, 493549/15]]
5	"862.d2"	862	[1, 1, 1, 15380, -102531]	[[3127/3, 181057/3]]
5	"874.d1"	874	[1, 1, 1, -142320, -20724857]	[[-9623549/210, 1005550321/210]]
4	"880.e2"	880	[0, 0, 0, 2, 3]	[[3, 6]]
4	"880.g2"	880	[0, 0, 0, -5047, -137514]	[[137, 1320]]
4	"880.g3"	880	[0, 0, 0, -5042, -137801]	[[103, 660]]
6	"890.a1"	890	[1, 0, 1, -109, -444]	[[-6, 3]]
6	"890.a2"	890	[1, 0, 1, -9, -4]	[[-2, 3]]
4	"890.c1"	890	[1, -1, 0, -55, 171]	[[5, -1]]
5	"890.g1"	890	[1, 1, 1, -2040, -38093]	[[1915/6, 12823/6]]
4	"896.a1"	896	[0, 0, 0, -40, -96]	[[28, 144]]
4	"896.b2"	896	[0, 0, 0, -10, -12]	[[6, 12]]
4	"896.c2"	896	[0, 0, 0, -10, 12]	[[3, 3]]
4	"901.b2"	901	[1, -1, 1, 180, -1492]	[[49, 326]]
2	"901.d1"	901	[1, 1, 1, -29863, 1910608]	[[757/3, 265/3]]
4	"904.a2"	904	[0, 0, 0, 5, 246]	[[10, 36]]
6	"910.a1"	910	[1, 0, 1, -14669, -685008]	[[-70, 38]]
6	"910.a2"	910	[1, 0, 1, -949, -9984]	[[-21, 38]]
6	"910.a3"	910	[1, 0, 1, -304, 456]	[[-6, 48]]
4	"910.c2"	910	[1, -1, 0, 41, -285]	[[11, 32]]
6	"910.h1"	910	[1, 0, 0, -5625, -151943]	[[-46, 123]]
4	"910.j2"	910	[1, -1, 1, 37782, 10304681]	[[-119, 2087]]
4	"914.a1"	914	[1, -1, 0, -692, -6832]	[[1013, 31712]]
4	"914.a2"	914	[1, -1, 0, -52, -48]	[[-1, 2]]
6	"938.a1"	938	[1, 0, 1, -11085, 446696]	[[70, 87]]
3	"940.c1"	940	[0, 1, 0, -31516, -1956716]	[[-1061/3, 9890/3]]
6	"994.e1"	994	[1, 0, 0, -52238, -4587140]	[[-130, 170]]
6	"994.e2"	994	[1, 0, 0, -52198, -4594524]	[[318, 3156]]
6	"994.e3"	994	[1, 0, 0, -3238, 65508]	[[24, 30]]
4	"994.g1"	994	[1, -1, 1, -1516, 23091]	[[133, 1403]]
4	"994.g2"	994	[1, -1, 1, -96, 371]	[[7, -1]]
4	"994.g4"	994	[1, -1, 1, 44, 1267]	[[-7, 27]]
3	"1012.c1"	1012	[0, 1, 0, -2278, -42635]	[[1345/3, 46585/3]]
3	"1015.c1"	1015	[0, 1, 1, -582247911, -5407862107580]	[[26785172701/858, 2933954541607519/858]]
4	"1022.c1"	1022	[1, -1, 1, -87211, 9934747]	[[173, -36]]
4	"1022.c2"	1022	[1, -1, 1, -5611, 146715]	[[79, 398]]
4	"1022.c3"	1022	[1, -1, 1, -5451, 156251]	[[41, 0]]
4	"1022.c4"	1022	[1, -1, 1, -331, 2651]	[[15, 22]]
6	"1040.c1"	1040	[0, 1, 0, -20, 28]	[[3, 2]]
4	"1040.d2"	1040	[0, 0, 0, -43, 42]	[[-3, 12]]
4	"1040.d3"	1040	[0, 0, 0, -23, -42]	[[6, 6]]
4	"1040.d4"	1040	[0, 0, 0, 157, 322]	[[7, 42]]
4	"1042.a2"	1042	[1, -1, 0, 32, -24]	[[7, 19]]
6	"1045.a1"	1045	[1, 0, 0, -31, 60]	[[1, 5]]
4	"1045.b2"	1045	[1, -1, 0, -982414, -374539305]	[[5206, 365617]]
4	"1045.b3"	1045	[1, -1, 0, -982409, -374543312]	[[13348/3, 1000658/3]]
4	"1054.a2"	1054	[1, -1, 1, 0, 35]	[[1, 5]]
4	"1066.d2"	1066	[1, -1, 1, -486, -3019]	[[-11, 35]]
4	"1066.d4"	1066	[1, -1, 1, 1154, -20075]	[[71, 609]]
6	"1072.a1"	1072	[0, 1, 0, 3, 7]	[[-1, 2]]
6	"1078.b2"	1078	[1, 0, 1, -712, 7494]	[[-3, 99]]
4	"1078.j2"	1078	[1, -1, 1, -29581, -744579]	[[-47, 758]]
4	"1078.j3"	1078	[1, -1, 1, -15861, 764621]	[[97, 314]]
6	"1088.b1"	1088	[0, 1, 0, -89, 295]	[[3, 8]]
6	"1088.b2"	1088	[0, 1, 0, -4, 6]	[[1, 2]]
6	"1088.e1"	1088	[0, 1, 0, -17, -17]	[[-3, 4]]
6	"1088.e2"	1088	[0, 1, 0, 63, -65]	[[5, 20]]
4	"1088.f2"	1088	[0, 0, 0, 20, 144]	[[0, 12]]
4	"1088.g2"	1088	[0, 0, 0, 20, -144]	[[5, 9]]
4	"1088.h1"	1088	[0, 0, 0, -5804, 170192]	[[26, 192]]
4	"1088.h2"	1088	[0, 0, 0, -364, 2640]	[[28, 120]]
2	"1088.k2"	1088	[0, -1, 0, -4, -6]	[[31/3, 82/3]]
2	"1088.l2"	1088	[0, -1, 0, -6593, -203839]	[[2713/3, 135296/3]]
6	"1096.b1"	1096	[0, 1, 0, -88, -144]	[[-5, 14]]
4	"1100.c1"	1100	[0, 0, 0, -295, 1950]	[[11, 6]]
4	"1100.d1"	1100	[0, 0, 0, -7375, 243750]	[[550, 12750]]
4	"1106.b2"	1106	[1, -1, 0, -22, -12]	[[-3, 6]]
4	"1106.e2"	1106	[1, -1, 1, -2221, -39283]	[[-27, 34]]
4	"1106.e3"	1106	[1, -1, 1, -261, 701]	[[1, 20]]
6	"1108.a1"	1108	[0, 1, 0, -228, 1252]	[[-4, 46]]
6	"1108.a2"	1108	[0, 1, 0, -28, 3540]	[[67, 554]]
4	"1120.i2"	1120	[0, 0, 0, -1067, 3026]	[[2, 30]]
4	"1120.i3"	1120	[0, 0, 0, -817, 8976]	[[7, 60]]
4	"1120.i4"	1120	[0, 0, 0, -572, 14464]	[[58, 420]]
4	"1130.c2"	1130	[1, -1, 1, -6933, -192019]	[[-49, 192]]
4	"1130.c3"	1130	[1, -1, 1, -1813, 27117]	[[13, 68]]
4	"1130.c4"	1130	[1, -1, 1, 11147, -1038163]	[[177, 2452]]
6	"1132.b1"	1132	[0, 1, 0, -93, 316]	[[1, 15]]
4	"1135.a1"	1135	[0, 0, 1, -73, -241]	[[41/2, 71/2]]
4	"1138.a2"	1138	[1, -1, 0, -1, 39]	[[3, 6]]
6	"1150.a1"	1150	[1, 0, 1, -72826, -7570452]	[[-1403/3, 2099/3]]
6	"1150.a2"	1150	[1, 0, 1, -951, -9202]	[[-23, 36]]
4	"1154.a1"	1154	[1, -1, 1, -55, -121]	[[-3, 4]]
4	"1154.a2"	1154	[1, -1, 1, -15, 23]	[[1, 2]]
6	"1157.b1"	1157	[0, 1, 1, -3, -3]	[[-1, 0]]
6	"1160.a1"	1160	[0, 1, 0, -36, -80]	[[-4, 4]]
4	"1160.b2"	1160	[0, 0, 0, -247, 1386]	[[2, 30]]
4	"1160.b4"	1160	[0, 0, 0, 253, 6286]	[[22, 150]]
4	"1168.a1"	1168	[0, 0, 0, -19, 18]	[[-1, 6]]
4	"1168.a2"	1168	[0, 0, 0, 61, 130]	[[7, 30]]
6	"1175.a1"	1175	[0, 1, 1, 92, 344]	[[13, 62]]
6	"1178.a1"	1178	[1, 0, 0, -202, -1122]	[[67/2, 63/2]]
6	"1183.a1"	1183	[0, 1, 1, -19829, -2655480]	[[1850, 79345]]
6	"1183.a3"	1183	[0, 1, 1, 2141, 84179]	[[-9, 253]]
4	"1184.d1"	1184	[0, 0, 0, -49, -132]	[[21, 90]]
4	"1186.b2"	1186	[1, -1, 1, 30, 41]	[[-1, 3]]
4	"1190.a2"	1190	[1, -1, 0, -145, -2979]	[[43, 241]]
4	"1190.f1"	1190	[1, -1, 1, -1381048, 625030331]	[[681, -239]]
4	"1190.f3"	1190	[1, -1, 1, -86328, 9779387]	[[137, 645]]
4	"1190.f4"	1190	[1, -1, 1, -4408, 211131]	[[61, 377]]
4	"1196.a1"	1196	[0, 0, 0, -556, 1641]	[[26, 69]]
4	"1196.a2"	1196	[0, 0, 0, 2089, 12750]	[[3, 138]]
5	"1210.b1"	1210	[1, 1, 0, -718742, 234235786]	[[4465/3, 623/3]]
3	"1210.f2"	1210	[1, 0, 1, 2417, 27586]	[[-17/3, 4108/3]]
2	"1210.g2"	1210	[1, 1, 0, -24928, 2245632]	[[1408/3, 37984/3]]
6	"1216.b1"	1216	[0, 1, 0, -3077, 64681]	[[32, 3]]
3	"1216.m1"	1216	[0, 1, 0, -5473, 1251871]	[[4111/3, 262144/3]]
6	"1232.a1"	1232	[0, 1, 0, -824, -8684]	[[36, 98]]
6	"1232.c2"	1232	[0, 1, 0, -232, 1332]	[[4, 22]]
4	"1232.g1"	1232	[0, 0, 0, -355, -702]	[[-9, 42]]
4	"1238.a1"	1238	[1, -1, 0, -277, -1707]	[[21, 27]]
4	"1240.c1"	1240	[0, 0, 0, -5323, 149478]	[[-82, 186]]
6	"1246.b2"	1246	[1, 0, 1, 472, 22902]	[[-22, 55]]
4	"1246.i2"	1246	[1, -1, 1, -30, 173]	[[1, 11]]
4	"1258.c1"	1258	[1, -1, 0, -43, -123]	[[22, 85]]
6	"1267.a1"	1267	[0, 1, 1, -63, -387]	[[59, 452]]
6	"1267.a2"	1267	[0, 1, 1, 7, 12]	[[6, 17]]
4	"1271.a1"	1271	[1, -1, 0, -166, -783]	[[909/4, 24627/4]]
6	"1288.c1"	1288	[0, 1, 0, -16968, 118384]	[[203, 2254]]
4	"1288.d1"	1288	[0, 0, 0, -979, 11790]	[[22, 30]]
4	"1300.d1"	1300	[0, 0, 0, -100, -375]	[[-6, 3]]
6	"1312.a1"	1312	[0, 1, 0, -24, -20]	[[-1, 2]]
6	"1312.a2"	1312	[0, 1, 0, -14, 16]	[[0, 4]]
6	"1318.b1"	1318	[1, 0, 0, -10, -12]	[[-2, 2]]
6	"1358.a2"	1358	[1, 0, 1, 3, -40]	[[4, 4]]
6	"1360.b1"	1360	[0, 1, 0, -136, 564]	[[4, 10]]
6	"1360.c2"	1360	[0, 1, 0, -3520, 80868]	[[16, 170]]
4	"1360.g1"	1360	[0, 0, 0, -28, -57]	[[121/4, 819/4]]
2	"1360.i1"	1360	[0, -1, 0, -66696, 1326320]	[[-398/3, 55250/3]]
3	"1369.c1"	1369	[0, 1, 1, -2564593, -1581651042]	[[-4028939/66, -145117/66]]
3	"1369.c2"	1369	[0, 1, 1, -31943, -2138543]	[[-3971/6, 50545/6]]
6	"1370.b2"	1370	[1, 0, 0, 14, 660]	[[-2, 26]]
3	"1378.d2"	1378	[1, 0, 0, 468, -72904]	[[2806/3, 144668/3]]
4	"1394.b1"	1394	[1, -1, 0, -13, 21]	[[3, 0]]
4	"1394.c2"	1394	[1, -1, 0, -697, 6765]	[[19, 1]]
4	"1394.d2"	1394	[1, -1, 0, -76, -3216]	[[23, 71]]
2	"1394.e1"	1394	[1, 1, 0, -770391, -253658539]	[[-5886809/102, -997490363/102]]
3	"1394.g1"	1394	[1, 0, 0, -5392, -152846]	[[672835/66, 450678883/66]]
4	"1408.c1"	1408	[0, 0, 0, -14, -20]	[[7, 15]]
4	"1408.c2"	1408	[0, 0, 0, -4, -48]	[[6, 12]]
6	"1411.a1"	1411	[1, 0, 0, -443, -3626]	[[26, 38]]
6	"1411.a2"	1411	[1, 0, 0, -28, -57]	[[-3, 3]]
6	"1421.e1"	1421	[0, 1, 1, -3887, -92823]	[[-33, 24]]
6	"1421.e2"	1421	[0, 1, 1, -457, 3560]	[[10, 9]]
6	"1421.h1"	1421	[0, 1, 1, -16, -31]	[[-11/2, -3/2]]
6	"1424.a2"	1424	[0, 1, 0, 56, -204]	[[4, 10]]
6	"1424.b2"	1424	[0, 1, 0, -712, -6540]	[[-20, 10]]
6	"1426.a1"	1426	[1, 0, 1, -58, 132]	[[0, 11]]
3	"1430.c1"	1430	[1, 0, 1, -93288, -11081802]	[[17587/6, 1620205/6]]
6	"1442.a1"	1442	[1, 0, 1, -297, 1940]	[[10, -5]]
6	"1442.a2"	1442	[1, 0, 1, -17, 36]	[[2, 2]]
4	"1442.e2"	1442	[1, -1, 1, -186, 761]	[[1, 23]]
6	"1445.a1"	1445	[0, 1, 1, -248925, -47885601]	[[-226103/28, 8275/28]]
6	"1450.e1"	1450	[1, 0, 0, -238, -1458]	[[99/2, 615/2]]
3	"1450.h2"	1450	[1, 0, 0, 14362, 1966892]	[[-566/3, 25238/3]]
4	"1456.i1"	1456	[0, 0, 0, -946139, -354106230]	[[-14169/5, 34146/5]]
4	"1456.i3"	1456	[0, 0, 0, -68059, -3752310]	[[-65, 630]]
2	"1460.a1"	1460	[0, -1, 0, -121, -474]	[[7057/12, 570223/12]]
6	"1468.a1"	1468	[0, 1, 0, 2, -3]	[[1, 1]]
6	"1475.a2"	1475	[1, 0, 0, 112, -233]	[[3, 10]]
2	"1475.b2"	1475	[1, 1, 0, 5, 0]	[[16/3, 92/3]]
4	"1484.b1"	1484	[0, 0, 0, -55, -114]	[[-5, 6]]
6	"1495.c1"	1495	[0, 1, 1, -88535, -10341429]	[[1421/2, 14231/2]]
6	"1495.c2"	1495	[0, 1, 1, -585, 6681]	[[-5, 97]]
4	"1496.b2"	1496	[0, 0, 0, -198115, -33965634]	[[142282077350/8671, 52025012504946294/8671]]
4	"1498.a1"	1498	[1, -1, 0, -1141, -14553]	[[179/2, 1021/2]]
6	"1505.b1"	1505	[0, 1, 1, -91, 551]	[[7, 17]]
6	"1505.b2"	1505	[0, 1, 1, 769, -10500]	[[54, 437]]
2	"1507.c1"	1507	[1, 1, 0, -61, -210]	[[-185/6, 365/6]]
6	"1520.b1"	1520	[0, 1, 0, -921, -10346]	[[62, 418]]
6	"1520.b2"	1520	[0, 1, 0, 884, -44280]	[[229/2, 3553/2]]
6	"1520.c2"	1520	[0, 1, 0, 5, 0]	[[4, 10]]
4	"1520.f1"	1520	[0, 0, 0, -2027, -35126]	[[2089/6, 44605/6]]
4	"1520.f3"	1520	[0, 0, 0, -127, -546]	[[97/2, 825/2]]
2	"1522.a1"	1522	[1, 1, 0, -186, -1036]	[[-77/3, -7/3]]
6	"1526.a1"	1526	[1, 0, 1, 122, 600]	[[21, 101]]
3	"1526.b1"	1526	[1, 0, 1, -14750, 688240]	[[-3728/9, 837991/9]]
3	"1526.b3"	1526	[1, 0, 1, 73140, 2049930]	[[-65/6, 299219/6]]
5	"1526.f1"	1526	[1, 1, 1, -5060, -142437]	[[191191/30, 75493021/30]]
6	"1540.a1"	1540	[0, 1, 0, -196140, -33466412]	[[-1043/2, 1029/2]]
6	"1540.a2"	1540	[0, 1, 0, -196085, -33486080]	[[1328, 45276]]
6	"1540.a3"	1540	[0, 1, 0, -9140, 285988]	[[36, 70]]
6	"1540.a4"	1540	[0, 1, 0, -2485, -44100]	[[-35, 35]]
4	"1540.b2"	1540	[0, 0, 0, 8, 9]	[[0, 3]]
4	"1549.a1"	1549	[1, -1, 1, -1, -2]	[[2, 0]]
6	"1550.a1"	1550	[1, 0, 1, -26651, -1676802]	[[212, 1381]]
6	"1550.a2"	1550	[1, 0, 1, -1651, -26802]	[[87, 656]]
4	"1550.c1"	1550	[1, -1, 0, -8267, 291391]	[[55, 1]]
4	"1550.c2"	1550	[1, -1, 0, -767, -109]	[[29, 23]]
4	"1550.c3"	1550	[1, -1, 0, -517, 4641]	[[5, 44]]
6	"1568.c1"	1568	[0, 1, 0, -72, -260]	[[11, 20]]
4	"1568.e1"	1568	[0, 0, 0, -539, -4802]	[[49, 294]]
4	"1568.e3"	1568	[0, 0, 0, -49, 0]	[[25, 120]]
2	"1568.g1"	1568	[0, -1, 0, -3544, 82104]	[[361/3, 1448/3]]
4	"1570.b1"	1570	[1, -1, 0, -2000, -31250]	[[-251/3, 1658/3]]
4	"1570.b2"	1570	[1, -1, 0, -430, 2976]	[[7, 13]]
4	"1570.b4"	1570	[1, -1, 0, 820, 16226]	[[257, 4013]]
6	"1570.c1"	1570	[1, 0, 0, -31391, -3185075]	[[61763/14, 11286409/14]]
6	"1570.c3"	1570	[1, 0, 0, 3149, 66081]	[[66, 717]]
4	"1580.a1"	1580	[0, 0, 0, -463, -3738]	[[1986, 88500]]
4	"1582.a1"	1582	[1, -1, 1, -2461, -46303]	[[243, 3574]]
4	"1582.a2"	1582	[1, -1, 1, -201, -199]	[[17, 24]]
4	"1582.a4"	1582	[1, -1, 1, 779, -2159]	[[55/3, 1334/3]]
6	"1585.a1"	1585	[1, 0, 0, -7015, 225642]	[[49, -12]]
4	"1585.b1"	1585	[1, -1, 1, -33, -64]	[[22, 86]]
6	"1592.a1"	1592	[0, 1, 0, 4, 1]	[[0, 1]]
6	"1595.b1"	1595	[1, 0, 0, -20, -5]	[[-3, 7]]
6	"1595.b2"	1595	[1, 0, 0, 5, 0]	[[1, 2]]
4	"1598.a2"	1598	[1, -1, 1, -409, -2955]	[[43, 218]]
4	"1598.a3"	1598	[1, -1, 1, -69, 173]	[[9, 10]]
6	"1600.c1"	1600	[0, 1, 0, -4133, -103637]	[[143, 1500]]
6	"1600.c2"	1600	[0, 1, 0, -3633, -129137]	[[253, 3900]]
6	"1600.c3"	1600	[0, 1, 0, -133, 363]	[[-2, 25]]
6	"1600.d1"	1600	[0, 1, 0, -113, -497]	[[-6, 1]]
6	"1600.d2"	1600	[0, 1, 0, -13, 3]	[[-2, 5]]
4	"1600.l2"	1600	[0, 0, 0, 125, 0]	[[121/2, 1419/2]]
4	"1600.m2"	1600	[0, 0, 0, 5, 0]	[[20, 90]]
4	"1600.o1"	1600	[0, 0, 0, -10700, -426000]	[[4360/3, 280700/3]]
4	"1600.o2"	1600	[0, 0, 0, -700, -6000]	[[-19, 21]]
4	"1600.o4"	1600	[0, 0, 0, 1300, -34000]	[[110, 1200]]
3	"1600.q1"	1600	[0, 1, 0, -200833, -34709537]	[[10531/3, 986048/3]]
3	"1600.q4"	1600	[0, 1, 0, 1407, -8737]	[[163/3, 4096/3]]
4	"1610.a1"	1610	[1, -1, 0, -15610, -746700]	[[2215/2, 99035/2]]
6	"1610.c1"	1610	[1, 0, 0, -1691, -26675]	[[50, 95]]
6	"1610.c2"	1610	[1, 0, 0, -441, -64925]	[[1675/6, 22145/6]]
6	"1610.c4"	1610	[1, 0, 0, 49, 2401]	[[-12, 17]]
6	"1610.d1"	1610	[1, 0, 0, -25120, -1116288]	[[-116, 548]]
6	"1610.d2"	1610	[1, 0, 0, -9120, 320512]	[[44, 48]]
4	"1610.e2"	1610	[1, -1, 1, 5052, 47591]	[[31, 467]]
4	"1610.f1"	1610	[1, -1, 1, -36598, 2703961]	[[113, -15]]
4	"1610.f2"	1610	[1, -1, 1, -2298, 42281]	[[15, 97]]
4	"1610.f4"	1610	[1, -1, 1, 2, 121401]	[[61, 557]]
4	"1610.g1"	1610	[1, -1, 1, -8587, -304111]	[[1749/4, 11413/4]]
4	"1610.g2"	1610	[1, -1, 1, -537, -4651]	[[59, 378]]
4	"1610.g3"	1610	[1, -1, 1, -487, -5591]	[[2119/6, 81833/6]]
6	"1612.a1"	1612	[0, 1, 0, 6, -11]	[[5, 13]]
4	"1628.a1"	1628	[0, 0, 0, -71, -210]	[[-15/2, 15/2]]
4	"1628.a2"	1628	[0, 0, 0, -16, 21]	[[-1, 6]]
6	"1640.a1"	1640	[0, 1, 0, -260, 1408]	[[6, 10]]
6	"1640.a2"	1640	[0, 1, 0, -55, -150]	[[-5, 5]]
6	"1640.b1"	1640	[0, 1, 0, -120, 448]	[[8, 8]]
4	"1640.d1"	1640	[0, 0, 0, -156307, 22257294]	[[438, 6150]]
6	"1645.a1"	1645	[0, 1, 1, -5, -9]	[[3, 3]]
4	"1654.a1"	1654	[1, -1, 0, -253, -1467]	[[-9, 9]]
6	"1664.f1"	1664	[0, 1, 0, -137, -665]	[[18, 55]]
2	"1664.p1"	1664	[0, -1, 0, -34, -66]	[[733/6, 18415/6]]
6	"1666.b1"	1666	[1, 0, 1, -6298, 36012]	[[-24, 428]]
4	"1666.e2"	1666	[1, -1, 0, 89, -183]	[[4, 13]]
4	"1666.j2"	1666	[1, -1, 1, -1896, 16391]	[[81, 583]]
4	"1666.j4"	1666	[1, -1, 1, 6434, 116351]	[[2083/6, 171743/6]]
6	"1675.b1"	1675	[0, 1, 1, -333, 2244]	[[4, 31]]
6	"1675.b2"	1675	[0, 1, 1, 917, 12869]	[[-3, 100]]
6	"1682.a1"	1682	[1, 0, 1, -47, -126]	[[-4, 2]]
2	"1682.h1"	1682	[1, 1, 1, -39124, -2988683]	[[-1055/3, 3251/3]]
4	"1690.b1"	1690	[1, -1, 0, -234350, -43607680]	[[101917/12, 20173639/12]]
4	"1690.b2"	1690	[1, -1, 0, -14650, -678300]	[[-281/2, 455/2]]
4	"1690.b3"	1690	[1, -1, 0, -11270, -1002104]	[[868, 24916]]
4	"1694.c2"	1694	[1, -1, 0, -73046, -2899748]	[[-419/3, 17671/3]]
4	"1694.c3"	1694	[1, -1, 0, -39166, 2961492]	[[61, 862]]
6	"1694.e1"	1694	[1, 0, 0, -330393, 73068601]	[[362, 787]]
6	"1694.e3"	1694	[1, 0, 0, -4298, 88540]	[[54, 94]]
6	"1694.e4"	1694	[1, 0, 0, -1273, -17577]	[[403/2, 7099/2]]
6	"1694.e5"	1694	[1, 0, 0, -63, -395]	[[98, 919]]
6	"1694.e6"	1694	[1, 0, 0, 542, 8196]	[[10, 116]]
6	"1696.b1"	1696	[0, 1, 0, 0, -8]	[[2, 2]]
3	"1700.c1"	1700	[0, 1, 0, -4708, -130412]	[[46447/21, 6887672/21]]
6	"1714.a1"	1714	[1, 0, 1, -61, -144]	[[-6, 6]]
6	"1714.a2"	1714	[1, 0, 1, -21, 32]	[[-5, 6]]
4	"1714.b2"	1714	[1, -1, 0, -7, -57]	[[23/2, 43/2]]
2	"1727.a1"	1727	[1, 1, 0, -831, -9634]	[[310/3, 1262/3]]
4	"1736.a1"	1736	[0, 0, 0, -348619, -79003818]	[[38939/5, 7022988/5]]
4	"1736.b1"	1736	[0, 0, 0, -139, -618]	[[19, 60]]
4	"1747.a1"	1747	[0, 0, 1, -5, -5]	[[17/2, 53/2]]
6	"1748.a1"	1748	[0, 1, 0, -157, 1599]	[[-11, 46]]
6	"1748.a2"	1748	[0, 1, 0, 1363, -35489]	[[490/3, 12167/3]]
6	"1760.a2"	1760	[0, 1, 0, 479, 1455]	[[1, 44]]
6	"1760.b1"	1760	[0, 1, 0, -65, 175]	[[3, 4]]
6	"1760.b2"	1760	[0, 1, 0, -10, -12]	[[-2, 2]]
6	"1760.c1"	1760	[0, 1, 0, -4225, 99375]	[[25, 100]]
4	"1760.g1"	1760	[0, 0, 0, -587, -5474]	[[385/2, 7287/2]]
4	"1760.g3"	1760	[0, 0, 0, -37, -84]	[[95, 924]]
4	"1760.g4"	1760	[0, 0, 0, 13, -294]	[[265/6, 3059/6]]
4	"1760.h1"	1760	[0, 0, 0, -587, 5474]	[[50, 318]]
4	"1760.h3"	1760	[0, 0, 0, -37, 84]	[[-5, 12]]
4	"1760.h4"	1760	[0, 0, 0, 13, 294]	[[-15/2, 111/2]]
6	"1762.a1"	1762	[1, 0, 0, -17, 25]	[[0, 5]]
6	"1762.a2"	1762	[1, 0, 0, 3, 85]	[[2, 9]]
6	"1768.a1"	1768	[0, 1, 0, -1412, -18752]	[[-18, 34]]
4	"1768.c2"	1768	[0, 0, 0, -10, -3]	[[-2, 3]]
6	"1771.a1"	1771	[1, 0, 0, -105, -374]	[[-7, 9]]
6	"1771.a2"	1771	[1, 0, 0, 10, -29]	[[3, 4]]
4	"1780.a1"	1780	[0, 0, 0, -148, 693]	[[-9, 36]]
2	"1780.b1"	1780	[0, -1, 0, -13201, -579414]	[[2215/3, 89623/3]]
5	"1790.c1"	1790	[1, 1, 1, -45355, -3735555]	[[-1109/3, 740/3]]
6	"1792.a1"	1792	[0, 1, 0, -525, 4459]	[[14, 7]]
6	"1792.a2"	1792	[0, 1, 0, -35, 49]	[[0, 7]]
6	"1792.b1"	1792	[0, 1, 0, -29, -5]	[[-3, 8]]
6	"1792.c1"	1792	[0, 1, 0, -77, 235]	[[6, 5]]
6	"1792.c2"	1792	[0, 1, 0, -7, -3]	[[4, 7]]
2	"1802.b2"	1802	[1, 1, 0, -200131, -91793715]	[[16390/3, 1993655/3]]
6	"1804.a1"	1804	[0, 1, 0, -877, -10296]	[[36, 78]]
6	"1805.a1"	1805	[0, 1, 1, -105171, -9810339]	[[-241, 1263]]
6	"1805.a2"	1805	[0, 1, 1, -36581, 2679900]	[[-78, 2250]]
6	"1808.a2"	1808	[0, 1, 0, 48, 340]	[[-4, 10]]
4	"1816.a1"	1816	[0, 0, 0, -4, -12]	[[4, 6]]
4	"1825.a1"	1825	[1, -1, 1, -30, -28]	[[-2, 5]]
6	"1850.a1"	1850	[1, 0, 1, -476, 9498]	[[17, 71]]
6	"1850.a2"	1850	[1, 0, 1, 4149, -216202]	[[967/3, 31304/3]]
6	"1850.b1"	1850	[1, 0, 1, -1, -12]	[[3, 2]]
4	"1850.e1"	1850	[1, -1, 0, -13657, -610899]	[[2199, 101853]]
2	"1850.f1"	1850	[1, 1, 0, -131875, -18487875]	[[563410/33, 250098685/33]]
4	"1850.j1"	1850	[1, -1, 1, -341430, -76703803]	[[-337, 171]]
4	"1850.k1"	1850	[1, -1, 1, -9880, -375503]	[[72649/24, 7563175/24]]
4	"1850.k2"	1850	[1, -1, 1, -630, -5503]	[[-53/2, 205/2]]
2	"1856.n1"	1856	[0, -1, 0, -37, -75]	[[73/3, 260/3]]
4	"1858.a1"	1858	[1, -1, 1, -12, -13]	[[5, 3]]
5	"1859.b1"	1859	[0, -1, 1, -1321636, -584371175]	[[1158131342675917/51474, 39412566954338806189979/51474]]
5	"1859.b2"	1859	[0, -1, 1, -1746, -50295]	[[7045/6, 573985/6]]
5	"1870.h2"	1870	[1, 1, 1, 17283565, -17141361543]	[[9265/3, 1113446/3]]
6	"1885.e1"	1885	[1, 0, 1, -189, 887]	[[13, 19]]
6	"1885.e2"	1885	[1, 0, 1, -44, -99]	[[11, 22]]
4	"1886.a2"	1886	[1, -1, 0, 527, 63309]	[[-25, 197]]
4	"1886.e1"	1886	[1, -1, 1, -886, -9919]	[[93, 793]]
4	"1886.e2"	1886	[1, -1, 1, -526, 4705]	[[145/3, 175/3]]
4	"1886.e3"	1886	[1, -1, 1, -66, -79]	[[11, 15]]
6	"1892.b1"	1892	[0, 1, 0, -298, -219]	[[-11, 43]]
6	"1892.b2"	1892	[0, 1, 0, -198, 1009]	[[2, 25]]
4	"1900.c1"	1900	[0, 0, 0, -2575, -50250]	[[-29, 6]]
6	"1904.a1"	1904	[0, 1, 0, -448, -588]	[[-14, 56]]
4	"1904.c2"	1904	[0, 0, 0, 29, -30]	[[2, 6]]
4	"1904.d2"	1904	[0, 0, 0, -619, 2970]	[[23, 30]]
4	"1904.d4"	1904	[0, 0, 0, 2101, 22010]	[[-65/3, 2170/3]]
4	"1906.a2"	1906	[1, -1, 0, 23, 117]	[[9, 27]]
4	"1910.a1"	1910	[1, -1, 1, -103, -373]	[[15, 28]]
4	"1910.a2"	1910	[1, -1, 1, -3, -13]	[[5, 6]]
6	"1918.a1"	1918	[1, 0, 1, -183, 242]	[[-2, 25]]
4	"1918.c1"	1918	[1, -1, 0, -1111, 5187]	[[137, 1484]]
4	"1918.f2"	1918	[1, -1, 1, 9, -49]	[[7, 14]]
4	"1922.d1"	1922	[1, -1, 1, -317791, -68874615]	[[25237419818650411/1089534, 3994045625106542444756791/1089534]]
4	"1922.d3"	1922	[1, -1, 1, -19881, -1070299]	[[225517435/103, 3374899848614/103]]
6	"1925.b1"	1925	[1, 0, 0, -1168, 14427]	[[13, 32]]
6	"1925.c1"	1925	[1, 0, 0, -1288, 16317]	[[7, 84]]
6	"1925.e1"	1925	[0, 1, 1, -1783, -29581]	[[-99/2, -1/2]]
4	"1925.i1"	1925	[1, -1, 0, -256667, 50114116]	[[20761/8, 405431/8]]
4	"1925.i3"	1925	[1, -1, 0, -16042, 785991]	[[174, 1713]]
4	"1928.a1"	1928	[0, 0, 0, -79, -270]	[[13, 30]]
4	"1928.a2"	1928	[0, 0, 0, -59, -410]	[[115/3, 820/3]]
4	"1930.a1"	1930	[1, -1, 0, -79, -147]	[[-3, 9]]
5	"1936.d1"	1936	[0, -1, 0, 1775, -24451]	[[124/3, 1331/3]]
6	"1939.a1"	1939	[1, 0, 0, -97, -378]	[[13, 18]]
6	"1949.a1"	1949	[0, 1, 1, -7, -10]	[[-2, 0]]
4	"1954.a1"	1954	[1, -1, 0, -79, 291]	[[5, -1]]
4	"1954.b1"	1954	[1, -1, 0, -28, -48]	[[-3, 3]]
4	"1958.a2"	1958	[1, -1, 1, -246, 1121]	[[-83/3, 1471/3]]
4	"1958.a3"	1958	[1, -1, 1, -226, 1361]	[[-9, 55]]
4	"1958.a4"	1958	[1, -1, 1, 644, 6817]	[[1897/24, 1279409/24]]
6	"1960.b1"	1960	[0, 1, 0, -11776, -353760]	[[367, 6700]]
4	"1961.a1"	1961	[1, -1, 0, -311, -1980]	[[352/3, 5170/3]]
4	"1961.a2"	1961	[1, -1, 0, -46, 87]	[[-241/10, 14603/10]]
4	"1961.a4"	1961	[1, -1, 0, 139, 494]	[[263719/210, 332448383/210]]
4	"1970.a1"	1970	[1, -1, 0, -19, -27]	[[14, 41]]
6	"1970.b1"	1970	[1, 0, 0, -680, -6908]	[[32, 50]]
4	"1975.d3"	1975	[1, -1, 0, -3292, 73491]	[[1149/4, 26577/4]]
6	"1984.a1"	1984	[0, 1, 0, -129, 127]	[[-1, 16]]
4	"1984.f1"	1984	[0, 0, 0, -21164, 1185072]	[[11704/9, 779660/9]]
4	"1984.f3"	1984	[0, 0, 0, -1324, 18480]	[[120, 1260]]
4	"1984.g1"	1984	[0, 0, 0, -21164, -1185072]	[[13874604/287, 4048997280/287]]
4	"1984.g2"	1984	[0, 0, 0, -1964, 1232]	[[-326/3, 4256/3]]
4	"1984.g3"	1984	[0, 0, 0, -1324, -18480]	[[5420/7, 373920/7]]
4	"1990.a1"	1990	[1, -1, 0, -49, -117]	[[9, 6]]
4	"1994.a1"	1994	[1, -1, 0, -6919, -219843]	[[7703/2, 667591/2]]
4	"1996.a1"	1996	[0, 0, 0, 4, -3]	[[3, 6]]
4	"2005.a2"	2005	[1, -1, 1, 18, 26]	[[5, 12]]
4	"2005.b1"	2005	[1, -1, 1, -53467, -4745166]	[[716197/44, 418555099/44]]
4	"2005.b2"	2005	[1, -1, 1, -3342, -73516]	[[1677/4, 50899/4]]
4	"2005.b3"	2005	[1, -1, 1, -3217, -79366]	[[738277/84, 472091159/84]]
4	"2006.d2"	2006	[1, -1, 0, -1222, -16626]	[[1077/4, 26661/4]]
4	"2006.j1"	2006	[1, -1, 1, -630, 6239]	[[63/2, -13/2]]
6	"2020.a2"	2020	[0, 1, 0, 100, 100]	[[0, 10]]
4	"2020.b2"	2020	[0, 0, 0, -7, 174]	[[1/2, 105/2]]
4	"2030.a1"	2030	[1, -1, 0, -764, 8308]	[[19, 10]]
4	"2030.a3"	2030	[1, -1, 0, -64, 48]	[[-1, 11]]
4	"2030.a4"	2030	[1, -1, 0, 16, 0]	[[9, 24]]
4	"2032.c1"	2032	[0, 0, 0, -86699, -9825830]	[[13618807255/4641, 1371113113886270/4641]]
4	"2032.c3"	2032	[0, 0, 0, -5419, -153510]	[[173623/17, 71774430/17]]
4	"2050.e1"	2050	[1, -1, 1, -5355, 152147]	[[49, 50]]
4	"2054.c1"	2054	[1, -1, 0, 26, -108]	[[7, 16]]
4	"2054.d1"	2054	[1, -1, 1, -276, -1693]	[[33, 139]]
4	"2054.e1"	2054	[1, -1, 1, 42, -11035]	[[97, 899]]
4	"2054.f1"	2054	[1, -1, 1, -1160136, 481252619]	[[621, -263]]
4	"2056.c2"	2056	[0, 0, 0, -43, -570]	[[4874/5, 340068/5]]
2	"2056.e1"	2056	[0, -1, 0, -128, 44]	[[-35/3, 584/3]]
6	"2068.a1"	2068	[0, 1, 0, -2188, -40140]	[[405/2, 7095/2]]
6	"2068.a2"	2068	[0, 1, 0, 12, -188]	[[16, 66]]
4	"2072.c1"	2072	[0, 0, 0, -10, 9]	[[0, 3]]
4	"2072.c2"	2072	[0, 0, 0, 25, 58]	[[7, 24]]
2	"2072.e1"	2072	[0, -1, 0, -1464, -20596]	[[10765/6, 1105417/6]]
6	"2074.a1"	2074	[1, 0, 1, -1317, -18496]	[[79, 570]]
6	"2074.a2"	2074	[1, 0, 1, -1297, -19080]	[[57, 276]]
4	"2080.c1"	2080	[0, 0, 0, -433, 3468]	[[11, 6]]
6	"2090.b1"	2090	[1, 0, 1, -1239, -10438]	[[-17, 84]]
6	"2090.b2"	2090	[1, 0, 1, -524, 4566]	[[11, 7]]
6	"2090.b3"	2090	[1, 0, 1, -474, 5486]	[[16, 37]]
4	"2090.e2"	2090	[1, -1, 0, 35, -75]	[[6, 15]]
4	"2090.f1"	2090	[1, -1, 0, -23474, 1390180]	[[91, -8]]
4	"2090.f2"	2090	[1, -1, 0, -1474, 21780]	[[1, 142]]
4	"2090.f3"	2090	[1, -1, 0, -194, -492]	[[-3, 9]]
6	"2090.j1"	2090	[1, 0, 0, -431, -3479]	[[-12, 7]]
6	"2093.e1"	2093	[0, 1, 1, -553, -5182]	[[-14, 3]]
6	"2093.e2"	2093	[0, 1, 1, -33, 57]	[[-1, 9]]
3	"2093.h1"	2093	[0, 1, 1, -14829659, -21985816061]	[[14674995661/1230, 1608233748263209/1230]]
3	"2110.c1"	2110	[1, 0, 1, -152413, -22918664]	[[37990723/33, 233521204478/33]]
2	"2114.b1"	2114	[1, 1, 0, -85925, 7941773]	[[6468001/15, 16400586679/15]]
4	"2114.d2"	2114	[1, -1, 1, -3810, 13025]	[[1, 95]]
3	"2116.d1"	2116	[0, 1, 0, -9698, 446045]	[[733/3, 12167/3]]
4	"2126.a1"	2126	[1, -1, 0, 5, -3]	[[1, 1]]
6	"2132.a1"	2132	[0, 1, 0, -177, -968]	[[17, 35]]
6	"2132.a2"	2132	[0, 1, 0, -172, -1020]	[[28, 130]]
6	"2135.d1"	2135	[0, 1, 1, -4891, 130040]	[[4, 332]]
6	"2135.d2"	2135	[0, 1, 1, -4781, 136281]	[[-63, 437]]
6	"2135.d3"	2135	[0, 1, 1, 29379, -108390]	[[6361/12, 1952261/12]]
6	"2144.a1"	2144	[0, 1, 0, -13, 27]	[[1, 4]]
3	"2158.b2"	2158	[1, 0, 1, 76888, -3634442]	[[46652373901/4332, 10037239506418909/4332]]
4	"2161.a1"	2161	[1, -1, 0, 1, 2]	[[2, 2]]
6	"2170.a1"	2170	[1, 0, 1, -59, 96]	[[8, 8]]
3	"2170.d1"	2170	[1, 0, 1, -21269, -1195424]	[[-3005/6, 7457/6]]
3	"2170.d3"	2170	[1, 0, 1, -589, 5446]	[[640/9, 23093/9]]
6	"2170.j2"	2170	[1, 0, 0, -2716, 176400]	[[28, 336]]
5	"2170.l1"	2170	[1, 1, 1, -5149395, -4499762135]	[[-11795/3, 17680/3]]
4	"2170.m1"	2170	[1, -1, 1, -41193, 3225737]	[[107, 132]]
6	"2188.a1"	2188	[0, 1, 0, 3, -17]	[[2, 1]]
6	"2200.b1"	2200	[0, 1, 0, -2208, -32912]	[[-28, 88]]
6	"2200.b2"	2200	[0, 1, 0, 292, -2912]	[[24, 136]]
6	"2200.c1"	2200	[0, 1, 0, -5708, -104912]	[[-42, 250]]
6	"2200.c2"	2200	[0, 1, 0, -5083, -141162]	[[-41, 1]]
2	"2204.b1"	2204	[0, -1, 0, -133301, 18926849]	[[1600/3, 24389/3]]
6	"2210.a1"	2210	[1, 0, 1, -96298, -11483244]	[[-180, 252]]
6	"2210.a4"	2210	[1, 0, 1, -5543, 158358]	[[34, 80]]
6	"2210.d1"	2210	[1, 0, 0, -2440, -45408]	[[-26, 38]]
4	"2210.e1"	2210	[1, -1, 1, -18, 17]	[[5, 3]]
4	"2210.f1"	2210	[1, -1, 1, -36862, -2712451]	[[267, 2401]]
4	"2210.f2"	2210	[1, -1, 1, -2862, -19651]	[[97, 731]]
4	"2210.g2"	2210	[1, -1, 1, 333, -4741]	[[17, 66]]
3	"2230.e1"	2230	[1, 0, 0, -51991, -4567229]	[[-67155941/714, 24144458087/714]]
3	"2230.e2"	2230	[1, 0, 0, -701, -5095]	[[-80/3, 695/3]]
4	"2240.m1"	2240	[0, 0, 0, -52268, -4599408]	[[444, 7728]]
4	"2240.m2"	2240	[0, 0, 0, -4268, -24208]	[[-58, 168]]
4	"2240.m3"	2240	[0, 0, 0, -3268, -71808]	[[94, 672]]
4	"2240.m4"	2240	[0, 0, 0, -143, -1808]	[[208/3, 2296/3]]
4	"2240.p2"	2240	[0, 0, 0, -52, 96]	[[-3, 15]]
4	"2240.p3"	2240	[0, 0, 0, -47, 124]	[[25/2, 69/2]]
4	"2240.p4"	2240	[0, 0, 0, 148, 656]	[[5, 39]]
6	"2242.a1"	2242	[1, 0, 0, 22, 4]	[[6, 16]]
4	"2254.c2"	2254	[1, -1, 0, -499, 5109]	[[6, 45]]
4	"2254.d1"	2254	[1, -1, 0, -11671, -480873]	[[151, 1012]]
2	"2254.e1"	2254	[1, 1, 0, -168291, -26643175]	[[161833/9, 62897192/9]]
2	"2261.a1"	2261	[1, 1, 1, -844, -9788]	[[322/3, 1831/3]]
3	"2261.d2"	2261	[0, 1, 1, 37, -272]	[[436/3, 9244/3]]
4	"2269.a1"	2269	[0, 0, 1, -7, -7]	[[-7/2, -1/2]]
4	"2275.c2"	2275	[1, -1, 1, -7380, -232378]	[[-45, 106]]
4	"2275.c4"	2275	[1, -1, 1, 3995, -892128]	[[2095/2, 94123/2]]
6	"2288.b1"	2288	[0, 1, 0, -1056, 17908]	[[-22, 176]]
6	"2288.c1"	2288	[0, 1, 0, 0, 52]	[[2, 8]]
5	"2290.c1"	2290	[1, 1, 1, -3280, -186795]	[[685/3, 1885/3]]
6	"2300.b1"	2300	[0, 1, 0, -1108, -14412]	[[-21, 6]]
6	"2300.b2"	2300	[0, 1, 0, -108, 388]	[[4, 6]]
6	"2312.b1"	2312	[0, 1, 0, -106448, -13392656]	[[-22677/11, 130286/11]]
6	"2318.c1"	2318	[1, 0, 0, -120, -752]	[[14, 12]]
6	"2320.a2"	2320	[0, 1, 0, -11, 4]	[[0, 2]]
6	"2320.b2"	2320	[0, 1, 0, -51, 40]	[[-4, 14]]
4	"2320.c2"	2320	[0, 0, 0, 17, 42]	[[114, 1218]]
4	"2320.f2"	2320	[0, 0, 0, -247, -1386]	[[38, 210]]
4	"2320.f3"	2320	[0, 0, 0, -242, -1449]	[[297/4, 1365/4]]
4	"2320.g2"	2320	[0, 0, 0, 113, 234]	[[18, 90]]
4	"2338.c1"	2338	[1, -1, 0, -71, 247]	[[7, 4]]
4	"2338.c2"	2338	[1, -1, 0, -1, 9]	[[0, 3]]
4	"2360.a2"	2360	[0, 0, 0, -22, 189]	[[-2, 15]]
3	"2366.e1"	2366	[1, 0, 1, -2647051, -1657865324]	[[2111092/3, 3064092680/3]]
3	"2366.e2"	2366	[1, 0, 1, -32621, -2285216]	[[2986/3, 126229/3]]
4	"2390.b1"	2390	[1, -1, 1, -170662, 27179061]	[[241, -61]]
4	"2390.b2"	2390	[1, -1, 1, -10662, 427061]	[[41, 219]]
4	"2402.a1"	2402	[1, -1, 1, -196, -953]	[[-7, 9]]
4	"2402.a2"	2402	[1, -1, 1, -36, 71]	[[1, 5]]
6	"2408.b1"	2408	[0, 1, 0, -1832, -30800]	[[799/3, 19360/3]]
6	"2408.b2"	2408	[0, 1, 0, -112, -528]	[[84, 768]]
4	"2408.c1"	2408	[0, 0, 0, -629291, 192143366]	[[602446/33, 131150278/33]]
4	"2408.c2"	2408	[0, 0, 0, -41051, 2725270]	[[154606/21, 51913070/21]]
4	"2408.c3"	2408	[0, 0, 0, -39331, 3002190]	[[3142/3, 152306/3]]
4	"2410.a1"	2410	[1, -1, 1, -112, 479]	[[9, 7]]
4	"2410.a2"	2410	[1, -1, 1, -12, -1]	[[-1, 3]]
6	"2413.c1"	2413	[0, 1, 1, 10, 27]	[[21/2, 123/2]]
2	"2414.b2"	2414	[1, 1, 0, 15, -43]	[[67/3, 533/3]]
3	"2414.f1"	2414	[1, 0, 0, -72038, -7448020]	[[-34886/15, 266558/15]]
6	"2420.a1"	2420	[0, 1, 0, -5001, 134440]	[[29, 121]]
6	"2420.a2"	2420	[0, 1, 0, -4396, 168804]	[[40, 242]]
3	"2420.e1"	2420	[0, 1, 0, -52796, -4688620]	[[1690288555/2091, 52382089028870/2091]]
3	"2420.e2"	2420	[0, 1, 0, 444, -24796]	[[3148/3, 177146/3]]
6	"2422.a1"	2422	[1, 0, 1, -69458, -7050636]	[[-151, 89]]
6	"2434.a1"	2434	[1, 0, 0, -708, -7280]	[[-16, 4]]
6	"2434.a2"	2434	[1, 0, 0, -68, 16]	[[0, 4]]
4	"2434.b2"	2434	[1, -1, 1, -15, 89]	[[43/2, 217/2]]
2	"2434.c2"	2434	[1, 1, 1, -4, -119]	[[133/3, 1345/3]]
2	"2438.a1"	2438	[1, 1, 0, -4195042, 5074327668]	[[44212/3, 8600818/3]]
6	"2443.b1"	2443	[1, 0, 1, -80, -867]	[[23, 86]]
6	"2450.t1"	2450	[1, 0, 0, -3344888, 2354339392]	[[1068, 152]]
6	"2450.t2"	2450	[1, 0, 0, -208888, 36835392]	[[172, 2364]]
6	"2450.t4"	2450	[1, 0, 0, -12888, -563858]	[[527/2, 845/2]]
6	"2464.a1"	2464	[0, 1, 0, -49, -129]	[[-5, 4]]
6	"2464.a2"	2464	[0, 1, 0, 6, -8]	[[2, 4]]
6	"2464.b1"	2464	[0, 1, 0, -1288, -18228]	[[43, 88]]
4	"2464.g1"	2464	[0, 0, 0, -115, 474]	[[10, 18]]
3	"2470.c3"	2470	[1, 0, 1, 11921, -203294]	[[175/3, 4844/3]]
6	"2480.d2"	2480	[0, 1, 0, 4, -20]	[[6, 16]]
4	"2480.g1"	2480	[0, 0, 0, -5323, -149478]	[[154, 1638]]
6	"2482.b1"	2482	[1, 0, 1, -56, 174]	[[4, 2]]
6	"2482.b2"	2482	[1, 0, 1, 369, -574]	[[18, 100]]
4	"2483.a1"	2483	[0, 0, 1, -16, -25]	[[5, 4]]
3	"2485.c2"	2485	[0, 1, 1, 1155, 101134]	[[-4223/12, 357047/12]]
6	"2485.d1"	2485	[1, 0, 1, -288, -637]	[[-11, 40]]
6	"2485.d2"	2485	[1, 0, 1, 67, -69]	[[5, 17]]
4	"2486.b1"	2486	[1, -1, 1, -120, 533]	[[31/2, 7/2]]
4	"2498.a1"	2498	[1, -1, 1, -21, -19]	[[7, 8]]
4	"2498.a2"	2498	[1, -1, 1, 59, -179]	[[5, 12]]
3	"2507.a2"	2507	[0, 1, 1, 7, -53]	[[11959/3, 1308284/3]]
6	"2510.c1"	2510	[1, 0, 0, -2285, -42215]	[[-28, 17]]
4	"2525.a1"	2525	[1, -1, 1, -255, 1622]	[[10, -4]]
6	"2530.e1"	2530	[1, 0, 0, -15816, -766904]	[[154, 598]]
6	"2530.f2"	2530	[1, 0, 0, 11979, -47829485]	[[15565/4, 1872475/4]]
3	"2530.k1"	2530	[1, 0, 0, -32811, -2293615]	[[2890/3, 117335/3]]
6	"2576.c1"	2576	[0, 1, 0, -9688, -346860]	[[-68, 46]]
6	"2576.c2"	2576	[0, 1, 0, 552, -23276]	[[23, 46]]
6	"2576.e1"	2576	[0, 1, 0, -2672, -51212]	[[-33, 46]]
4	"2576.j1"	2576	[0, 0, 0, -1979, -33878]	[[199, 2730]]
4	"2576.j2"	2576	[0, 0, 0, -139, -390]	[[15, 30]]
4	"2576.j4"	2576	[0, 0, 0, 421, -2742]	[[79/3, 1090/3]]
4	"2576.k1"	2576	[0, 0, 0, -979, -11790]	[[103, 990]]
6	"2584.a2"	2584	[0, 1, 0, 1, -14]	[[3, 5]]
4	"2600.h1"	2600	[0, 0, 0, -14075, -642250]	[[-3286/7, 2388/7]]
4	"2600.h2"	2600	[0, 0, 0, -1075, -5250]	[[-14, 84]]
2	"2605.a1"	2605	[1, 1, 0, -37, -84]	[[-89/6, 277/6]]
6	"2620.a1"	2620	[0, 1, 0, -90, -755]	[[13, 21]]
4	"2624.d2"	2624	[0, 0, 0, 116, -528]	[[29, 165]]
2	"2624.f2"	2624	[0, -1, 0, 31, -511]	[[127/3, 1360/3]]
2	"2624.g1"	2624	[0, -1, 0, -737, -7327]	[[-128/3, 235/3]]
6	"2660.b1"	2660	[0, 1, 0, -180, 868]	[[8, 2]]
6	"2660.c3"	2660	[0, 1, 0, -285, 1900]	[[8, 14]]
6	"2660.c4"	2660	[0, 1, 0, 1715, 0]	[[28, 266]]
6	"2665.a2"	2665	[1, 0, 0, -11, 1666]	[[-9, 37]]
4	"2674.f2"	2674	[1, -1, 1, 24, -2389]	[[21, 73]]
6	"2678.b1"	2678	[1, 0, 1, -305916, -64308166]	[[2619/2, 29567/2]]
6	"2678.b3"	2678	[1, 0, 1, -31246, 2123232]	[[38180/19, 91569/19]]
2	"2678.g1"	2678	[1, 1, 0, -7383720, -7725631168]	[[10267920557760973/830139, 1017553372463320146205547/830139]]
2	"2678.g2"	2678	[1, 1, 0, -461480, -120858304]	[[374185237/159, 7200985349543/159]]
4	"2686.a2"	2686	[1, -1, 1, 5355, -195091]	[[63, 592]]
3	"2686.b1"	2686	[1, 0, 0, -398812, -87740384]	[[-181226/21, 26040442/21]]
3	"2690.d1"	2690	[1, 0, 0, -45, -685]	[[487/6, 6107/6]]
4	"2695.a1"	2695	[1, -1, 1, -503068, -137211294]	[[30211/6, 1113631/6]]
4	"2695.a3"	2695	[1, -1, 1, -31443, -2137894]	[[601, 13691]]
4	"2698.a1"	2698	[1, -1, 0, -51881, -4535475]	[[6491125/153, 4984368740/153]]
4	"2698.a2"	2698	[1, -1, 0, -3241, -70323]	[[10837/9, 950111/9]]
4	"2699.c1"	2699	[0, 0, 1, 2, 2]	[[0, 1]]
4	"2702.b1"	2702	[1, -1, 1, -2095, 37423]	[[29, 6]]
4	"2702.b2"	2702	[1, -1, 1, -135, 575]	[[1, 20]]
6	"2717.b1"	2717	[0, 1, 1, -25563, -1581258]	[[-371/2, 161/2]]
6	"2717.b3"	2717	[0, 1, 1, -793, 8336]	[[-27/2, 923/2]]
6	"2726.b1"	2726	[1, 0, 1, 0, 14]	[[1, 3]]
2	"2735.c1"	2735	[0, -1, 1, 144, 187]	[[181/6, 6767/6]]
6	"2740.b2"	2740	[0, 1, 0, 180, -2540]	[[19, 90]]
6	"2749.a1"	2749	[1, 0, 1, -2, -3]	[[5, 8]]
6	"2752.a1"	2752	[0, 1, 0, -53, -173]	[[14, 45]]
6	"2752.a2"	2752	[0, 1, 0, 267, -365]	[[22, 129]]
4	"2755.a2"	2755	[1, -1, 1, 3102, -9328]	[[3868/7, 277901/7]]
3	"2758.g1"	2758	[1, 0, 0, -131663, -18399367]	[[-1886/3, 2839/3]]
6	"2770.b1"	2770	[1, 0, 0, -316, 2136]	[[30, 126]]
3	"2770.h1"	2770	[1, 0, 0, -173806, -27904280]	[[1472577820/1599, 31304802523480/1599]]
3	"2770.h2"	2770	[1, 0, 0, -2066, -41404]	[[1786/3, 70636/3]]
4	"2774.a1"	2774	[1, -1, 0, -812, 9112]	[[19, 7]]
4	"2774.a2"	2774	[1, -1, 0, -52, 144]	[[0, 12]]
2	"2780.c1"	2780	[0, -1, 0, -19601, 195110]	[[468406/9, 320456438/9]]
2	"2780.c2"	2780	[0, -1, 0, 77004, 1470296]	[[1574805805/522, 62561146784327/522]]
5	"2786.b2"	2786	[1, 1, 1, 925, -99597]	[[72259/30, 18000463/30]]
4	"2786.c2"	2786	[1, -1, 1, -30, -55]	[[125, 1329]]
3	"2788.b1"	2788	[0, 1, 0, -1738, -28475]	[[-875/6, 55/6]]
6	"2800.g1"	2800	[0, 1, 0, -1092208, 438981588]	[[594, 384]]
6	"2800.g2"	2800	[0, 1, 0, -68208, 6853588]	[[148, 150]]
6	"2800.g5"	2800	[0, 1, 0, -208, -2412]	[[34, 176]]
4	"2800.o2"	2800	[0, 0, 0, -55, 450]	[[10, 30]]
4	"2800.p1"	2800	[0, 0, 0, -7475, -248750]	[[175, 1950]]
4	"2800.p3"	2800	[0, 0, 0, -475, -3750]	[[-11, 12]]
4	"2800.p4"	2800	[0, 0, 0, 25, -250]	[[41, 264]]
3	"2800.z1"	2800	[0, 1, 0, -52533, 4830563]	[[1342/3, 15625/3]]
6	"2806.a1"	2806	[1, 0, 1, -432, 3422]	[[0, 58]]
6	"2806.a2"	2806	[1, 0, 1, 833, 17682]	[[-10, 96]]
6	"2810.b1"	2810	[1, 0, 1, -273, 1706]	[[10, -3]]
4	"2818.a1"	2818	[1, -1, 1, -9147, 338987]	[[55, -22]]
4	"2821.b1"	2821	[0, 0, 1, 1, -7]	[[9/2, 17/2]]
6	"2825.b1"	2825	[1, 0, 1, -51, -127]	[[-21/2, 23/2]]
6	"2825.b2"	2825	[1, 0, 1, 74, -627]	[[17, 66]]
6	"2830.a1"	2830	[1, 0, 1, 4442, -54444]	[[15, 117]]
3	"2830.h2"	2830	[1, 0, 0, -2031, 88145]	[[112/3, 6707/3]]
3	"2830.h3"	2830	[1, 0, 0, 17779, -2039449]	[[52449091/114, 377068995563/114]]
4	"2840.b1"	2840	[0, 0, 0, -83, 158]	[[11, 24]]
4	"2840.b2"	2840	[0, 0, 0, 17, 18]	[[1, 6]]
4	"2848.c2"	2848	[0, 0, 0, -19, -102]	[[1174/5, 40032/5]]
4	"2849.a1"	2849	[1, -1, 1, -180, 938]	[[4, 14]]
4	"2849.a2"	2849	[1, -1, 1, 5, 50]	[[6, 13]]
3	"2852.a1"	2852	[0, 1, 0, -828, 8900]	[[4/3, 2494/3]]
6	"2860.a2"	2860	[0, 1, 0, 2379, 135079]	[[-14, 315]]
6	"2870.b1"	2870	[1, 0, 1, -79159, 5261082]	[[-54, 3089]]
6	"2870.b3"	2870	[1, 0, 1, -70144, 7218006]	[[156, 201]]
4	"2870.d2"	2870	[1, -1, 0, 65, -399]	[[15, 54]]
6	"2881.a1"	2881	[0, 1, 1, 11, -7]	[[7, 21]]
5	"2888.c1"	2888	[0, -1, 0, -424, -3223]	[[-104/3, 1/3]]
4	"2890.f1"	2890	[1, -1, 0, -190, 1050]	[[13, 19]]
3	"2890.p2"	2890	[1, 0, 0, 86694, -5435464]	[[423004/9, 273651292/9]]
4	"2900.c2"	2900	[0, 0, 0, 425, -5250]	[[89/2, 987/2]]
4	"2915.a2"	2915	[1, -1, 1, -582, 1556]	[[-14, 89]]
4	"2930.b1"	2930	[1, -1, 0, -25, 45]	[[1, 4]]
6	"2936.a1"	2936	[0, 1, 0, -12, 13]	[[2, 1]]
4	"2938.e1"	2938	[1, -1, 1, -4440, 114971]	[[39, -17]]
6	"2950.k2"	2950	[1, 0, 0, 1112, -12858]	[[399/2, 7965/2]]
3	"2950.q2"	2950	[1, 0, 0, 14387, -2713583]	[[3424/3, 200243/3]]
2	"2960.l1"	2960	[0, -1, 0, -60, -160]	[[133/3, 1196/3]]
6	"2968.b1"	2968	[0, 1, 0, -15, -26]	[[5, 7]]
6	"2968.b2"	2968	[0, 1, 0, 20, -96]	[[4, 8]]
2	"2968.f1"	2968	[0, -1, 0, -1128, -14212]	[[358/3, 1288/3]]
4	"2990.a1"	2990	[1, -1, 0, -4910, 133660]	[[43, 4]]
4	"2990.a2"	2990	[1, -1, 0, -830, -6324]	[[33, 21]]
4	"2990.a3"	2990	[1, -1, 0, -310, 2100]	[[3, 33]]
4	"2990.a4"	2990	[1, -1, 0, 10, 116]	[[5, 14]]
4	"2992.e1"	2992	[0, 0, 0, -515, 514]	[[-17, 66]]
4	"2992.e2"	2992	[0, 0, 0, 2045, 4098]	[[97, 1056]]
4	"2992.g2"	2992	[0, 0, 0, -643, -7710]	[[455, 9690]]
4	"3008.a2"	3008	[0, 0, 0, 20, -336]	[[56, 420]]
4	"3008.b1"	3008	[0, 0, 0, -620, 5712]	[[-6, 96]]
4	"3008.b2"	3008	[0, 0, 0, 20, 336]	[[12, 48]]
4	"3014.a1"	3014	[1, -1, 0, -1922392, 1026394944]	[[39579/7, -20922/7]]
2	"3016.c1"	3016	[0, -1, 0, -124, -492]	[[622/3, 15184/3]]
4	"3020.a1"	3020	[0, 0, 0, 752, -10572]	[[221, 3309]]
5	"3026.c1"	3026	[1, 1, 1, -59665, -5634447]	[[673758696859/13110, 547610205017802607/13110]]
4	"3038.b1"	3038	[1, -1, 0, -2312, -41000]	[[79, 475]]
4	"3038.b2"	3038	[1, -1, 0, -352, 1728]	[[23, 62]]
4	"3038.d1"	3038	[1, -1, 0, -457, -1443]	[[-11, 52]]
4	"3038.d2"	3038	[1, -1, 0, 103, -211]	[[11, 41]]
4	"3040.b1"	3040	[0, 0, 0, -268, -192]	[[-12, 36]]
4	"3050.h2"	3050	[1, -1, 1, -6105, -6103]	[[-65, 368]]
4	"3050.h4"	3050	[1, -1, 1, 24395, -67103]	[[485/4, 52527/4]]
3	"3055.b2"	3055	[0, 1, 1, 45, 109]	[[79/3, 944/3]]
4	"3059.a1"	3059	[1, -1, 1, -44284, -3575784]	[[35965/3, 6756304/3]]
4	"3059.a3"	3059	[1, -1, 1, -2769, -55312]	[[3994, 250370]]
4	"3059.a4"	3059	[1, -1, 1, -124, -1354]	[[3496/15, 30299/15]]
2	"3059.b1"	3059	[1, 1, 1, -64838, -6381668]	[[2698/3, 25931/3]]
2	"3059.b2"	3059	[1, 1, 1, -4003, -103496]	[[81178/33, 3636374/33]]
4	"3080.c1"	3080	[0, 0, 0, -3265883, -2270597418]	[[2428462/21, 3547463282/21]]
4	"3080.c2"	3080	[0, 0, 0, -1901003, 993848998]	[[2877262/23, 4736696118/23]]
4	"3080.c3"	3080	[0, 0, 0, -240883, -21812418]	[[5382, 393162]]
4	"3088.a1"	3088	[0, 0, 0, -107, -70]	[[-1, 6]]
4	"3088.a2"	3088	[0, 0, 0, -67, 210]	[[3, 6]]
6	"3091.a1"	3091	[0, 1, 1, 0, -3]	[[5/2, 3/2]]
6	"3094.d1"	3094	[1, 0, 0, -38738, -2876300]	[[-126, 154]]
6	"3094.d4"	3094	[1, 0, 0, 5202, -9019112]	[[212, 1168]]
6	"3106.a2"	3106	[1, 0, 0, 53, -255]	[[4, 3]]
2	"3106.b1"	3106	[1, 1, 1, -43, 7]	[[-5/6, 691/6]]
4	"3122.a2"	3122	[1, -1, 0, -1636, -25008]	[[-23, 4]]
6	"3122.c1"	3122	[1, 0, 0, -4774, 126564]	[[40, -18]]
6	"3122.c2"	3122	[1, 0, 0, -294, 2020]	[[8, 10]]
4	"3122.d1"	3122	[1, -1, 1, -16651, 831145]	[[7385/8, 308385/8]]
4	"3122.d2"	3122	[1, -1, 1, -1111, 11361]	[[3283/6, 165823/6]]
4	"3122.d3"	3122	[1, -1, 1, -1041, 13181]	[[91, 770]]
2	"3122.f1"	3122	[1, 1, 1, -3654, -86539]	[[96311803/138, 938592485165/138]]
4	"3124.a1"	3124	[0, 0, 0, -16, -12]	[[-3, 3]]
6	"3128.a1"	3128	[0, 1, 0, -3040, -62496]	[[-29, 46]]
3	"3130.b2"	3130	[1, 0, 1, 3222, -26244]	[[130/3, 3919/3]]
6	"3136.f1"	3136	[0, 1, 0, -1633, 13887]	[[58, 343]]
6	"3136.f2"	3136	[0, 1, 0, 327, 1735]	[[2, 49]]
4	"3136.l1"	3136	[0, 0, 0, -7, 0]	[[4, 6]]
4	"3136.m3"	3136	[0, 0, 0, -196, 0]	[[18, 48]]
4	"3136.m4"	3136	[0, 0, 0, 49, 0]	[[16/3, 260/3]]
4	"3136.o1"	3136	[0, 0, 0, -116620, -15327984]	[[931200/13, 896827212/13]]
4	"3136.o3"	3136	[0, 0, 0, -2380, 44688]	[[21, 63]]
4	"3136.p3"	3136	[0, 0, 0, -3724, 82320]	[[92, 720]]
4	"3136.r1"	3136	[0, 0, 0, -343, 0]	[[484/5, 3102/5]]
2	"3136.z1"	3136	[0, -1, 0, -8562913, -9641661567]	[[2642430522499/22035, 3465439960080553532/22035]]
6	"3140.b1"	3140	[0, 1, 0, -28146, 1729429]	[[77, 157]]
6	"3140.b2"	3140	[0, 1, 0, -27806, 1775425]	[[54, 659]]
6	"3140.c1"	3140	[0, 1, 0, -10, -15]	[[-2, 1]]
6	"3143.a2"	3143	[1, 0, 0, 28, 7]	[[6, 17]]
3	"3146.g1"	3146	[1, 0, 1, -579956, -148279694]	[[-959159/45, 431201051/45]]
3	"3155.a1"	3155	[0, 1, 1, -702775, -226997616]	[[632178918294143557/23688678, 269924495074018983501791363/23688678]]
3	"3155.a2"	3155	[0, 1, 1, -8675, -314021]	[[2498029/78, 3840750809/78]]
6	"3157.a1"	3157	[1, 0, 1, -1, -3]	[[3, 3]]
6	"3160.a2"	3160	[0, 1, 0, -620, -22400]	[[60, 400]]
4	"3160.c1"	3160	[0, 0, 0, -187, -906]	[[145/2, 1599/2]]
6	"3163.a1"	3163	[1, 0, 1, 3, -1]	[[1, 1]]
6	"3170.a1"	3170	[1, 0, 1, 6, -4]	[[1, 1]]
2	"3170.b1"	3170	[1, 1, 0, -2708, -56752]	[[2248/3, 100948/3]]
4	"3172.a1"	3172	[0, 0, 0, -16, -15]	[[-2, 3]]
4	"3172.a2"	3172	[0, 0, 0, 49, -106]	[[11, 42]]
4	"3172.b1"	3172	[0, 0, 0, -122524, 16501677]	[[3651/7, 957090/7]]
4	"3172.b2"	3172	[0, 0, 0, -103919, 21685030]	[[511561/70, 1186887309/70]]
4	"3179.e1"	3179	[0, 0, 1, 17, -13]	[[25/2, 143/2]]
4	"3179.f1"	3179	[0, 0, 1, 4913, -62641]	[[577/2, 15275/2]]
6	"3184.b1"	3184	[0, 1, 0, -4, 3]	[[1, 1]]
6	"3190.b1"	3190	[1, 0, 1, -103638, -12716824]	[[-1667/3, 12343/3]]
6	"3190.b2"	3190	[1, 0, 1, -9863, 366906]	[[47, 64]]
6	"3190.b3"	3190	[1, 0, 1, -1238, -510744]	[[3565/4, 198113/4]]
6	"3190.b4"	3190	[1, 0, 1, 137, 18906]	[[20, 162]]
4	"3199.b1"	3199	[1, -1, 0, -7, 0]	[[-9/2, 3/2]]
4	"3199.b2"	3199	[1, -1, 0, 28, -21]	[[31/6, 293/6]]
6	"3200.f2"	3200	[0, 1, 0, -1533, 29563]	[[-7, 200]]
4	"3200.o1"	3200	[0, 0, 0, -1300, 18000]	[[16, 36]]
2	"3200.v1"	3200	[0, -1, 0, -1658, -25438]	[[648037/66, 497820475/66]]
2	"3200.v2"	3200	[0, -1, 0, -1533, -29563]	[[5263/3, 380600/3]]
4	"3202.a2"	3202	[1, -1, 1, 9, 215]	[[1, 14]]
4	"3205.a1"	3205	[1, -1, 1, -142, -614]	[[14, -6]]
4	"3205.b2"	3205	[1, -1, 1, -8352, 295226]	[[46, 59]]
4	"3205.b4"	3205	[1, -1, 1, -5227, 516476]	[[171, 2059]]
5	"3206.f1"	3206	[1, 1, 1, -2735905, -1742945301]	[[-859769/30, 13091789/30]]
6	"3211.a1"	3211	[0, 1, 1, -130017, -18088053]	[[2773, 144748]]
6	"3211.a2"	3211	[0, 1, 1, -1577, -26178]	[[56, 253]]
4	"3230.a1"	3230	[1, -1, 0, -1630, -24924]	[[-23, 13]]
4	"3230.d1"	3230	[1, -1, 1, -89913, -1212583]	[[463, 7268]]
6	"3245.a2"	3245	[1, 0, 0, 9, -104]	[[5, 6]]
6	"3245.c2"	3245	[1, 0, 1, -19, -39]	[[129/5, 7/5]]
6	"3248.b2"	3248	[0, 1, 0, -2128, -45468]	[[58, 172]]
4	"3248.i1"	3248	[0, 0, 0, -79075, -8558622]	[[622, 13524]]
2	"3248.n2"	3248	[0, -1, 0, 76, -352]	[[52/3, 424/3]]
4	"3262.b1"	3262	[1, -1, 0, -154, -696]	[[-7, 5]]
4	"3262.e2"	3262	[1, -1, 1, -9, -247]	[[11, 24]]
4	"3272.a1"	3272	[0, 0, 0, -179, 238]	[[-26/3, 730/3]]
4	"3272.a2"	3272	[0, 0, 0, -139, 630]	[[-2, 30]]
6	"3280.a1"	3280	[0, 1, 0, -336, 2260]	[[2, 40]]
6	"3280.a2"	3280	[0, 1, 0, -256, 3444]	[[4, 50]]
6	"3280.c1"	3280	[0, 1, 0, -440, -3692]	[[-12, 2]]
6	"3280.c2"	3280	[0, 1, 0, -40, -12]	[[-2, 8]]
4	"3280.g1"	3280	[0, 0, 0, -156307, -22257294]	[[-233, 1230]]
4	"3280.h1"	3280	[0, 0, 0, -8747, 314874]	[[225/2, 231/2]]
4	"3280.h2"	3280	[0, 0, 0, -547, 4914]	[[5, 48]]
4	"3280.h3"	3280	[0, 0, 0, -347, 8554]	[[10, 78]]
2	"3280.l1"	3280	[0, -1, 0, -50280, -2085520]	[[-422/3, 11026/3]]
6	"3290.a2"	3290	[1, 0, 1, -274, 1572]	[[6, 9]]
6	"3290.b1"	3290	[1, 0, 1, -15128, -717402]	[[217, 2387]]
6	"3290.b2"	3290	[1, 0, 1, -14928, -737242]	[[7807/6, 515867/6]]
6	"3290.b3"	3290	[1, 0, 1, -253, -252]	[[-6, 35]]
6	"3290.b4"	3290	[1, 0, 1, 997, -1752]	[[44, 335]]
4	"3290.f1"	3290	[1, -1, 1, -7513, 252481]	[[-55, 732]]
4	"3290.f2"	3290	[1, -1, 1, -513, 3281]	[[3, 40]]
4	"3290.f4"	3290	[1, -1, 1, 1367, 20577]	[[97, 980]]
6	"3302.b1"	3302	[1, 0, 0, -2347, 43569]	[[22, 41]]
2	"3311.b1"	3311	[1, 1, 0, -2515, -49608]	[[2083/6, 5119/6]]
6	"3313.b1"	3313	[1, 0, 1, -6, 5]	[[1, 0]]
3	"3314.a1"	3314	[1, 0, 0, -4764702, -4003545844]	[[94248114183274/39585, 912499854364645191562/39585]]
3	"3314.a2"	3314	[1, 0, 0, -58822, -5496476]	[[83944/15, 16083698/15]]
4	"3322.c1"	3322	[1, -1, 1, -171, -817]	[[67, 500]]
4	"3325.d2"	3325	[1, -1, 1, -480, -478]	[[24, 25]]
4	"3325.d3"	3325	[1, -1, 1, -355, -2478]	[[214, 3005]]
6	"3340.a1"	3340	[0, 1, 0, -25, 48]	[[3, 3]]
6	"3340.a2"	3340	[0, 1, 0, 175, -212]	[[8, 42]]
4	"3341.a1"	3341	[1, -1, 1, -75, -226]	[[-17/2, 7/2]]
2	"3346.b1"	3346	[1, 1, 0, -127375, 384549]	[[-1139435/87, 2698050256/87]]
2	"3346.b2"	3346	[1, 1, 0, -86415, -9781723]	[[-78564238337/22011, 775119623201764/22011]]
4	"3350.a1"	3350	[1, -1, 0, -32, -64]	[[8, 8]]
6	"3355.b1"	3355	[0, 1, 1, -11, 30]	[[2, 4]]
6	"3355.b2"	3355	[0, 1, 1, 99, -729]	[[19, 91]]
2	"3362.b1"	3362	[1, 1, 0, -19366, -1027446]	[[-6359/9, 122986/9]]
2	"3362.c1"	3362	[1, 1, 0, -5882694, -5494222780]	[[-375127975614357221/16367265, 2985417272000212508425303/16367265]]
6	"3380.c4"	3380	[0, 1, 0, 620, 6228]	[[43, 338]]
3	"3380.h1"	3380	[0, 1, 0, -85570, -9663107]	[[-1523/3, 1/3]]
6	"3388.b2"	3388	[0, 1, 0, -29, -68]	[[-3, 1]]
6	"3388.c1"	3388	[0, 1, 0, -84, -332]	[[11, 14]]
6	"3388.c2"	3388	[0, 1, 0, 356, -1212]	[[76, 686]]
6	"3400.a1"	3400	[0, 1, 0, -88508, -10164512]	[[20472/7, 1747600/7]]
4	"3400.d1"	3400	[0, 0, 0, -29075, -1867250]	[[-12986/11, 173538/11]]
4	"3400.d2"	3400	[0, 0, 0, -4075, 57750]	[[-66, 198]]
4	"3400.d4"	3400	[0, 0, 0, 12925, 414750]	[[-1946/9, 219142/9]]
6	"3410.a1"	3410	[1, 0, 1, -349, -1944]	[[-9, 26]]
6	"3422.b1"	3422	[1, 0, 1, -15, -22]	[[-2, 1]]
6	"3422.c1"	3422	[1, 0, 1, -15989, -779136]	[[-662/3, 517/3]]
3	"3422.d1"	3422	[1, 0, 1, -253, -7400]	[[595/3, 13018/3]]
2	"3422.g1"	3422	[1, 1, 1, -61939, -5959085]	[[-876749/78, 33956879/78]]
6	"3445.b1"	3445	[1, 0, 1, -359, -2643]	[[89, 775]]
6	"3445.b2"	3445	[1, 0, 1, -354, -2719]	[[25, 52]]
3	"3454.h1"	3454	[1, 0, 0, -78788, -8518900]	[[236970700/609, 3138691959250/609]]
3	"3454.h2"	3454	[1, 0, 0, -288, -27712]	[[874/3, 23764/3]]
6	"3458.d1"	3458	[1, 0, 0, -60892, -5789676]	[[600, 12882]]
6	"3458.d2"	3458	[1, 0, 0, -32, 1024]	[[8, 32]]
6	"3469.a1"	3469	[1, 0, 0, -26, 49]	[[3, -1]]
6	"3479.e1"	3479	[1, 0, 1, -5, -3]	[[-1, 1]]
6	"3520.c1"	3520	[0, 1, 0, -241, 1359]	[[7, 8]]
6	"3520.c2"	3520	[0, 1, 0, -21, -5]	[[-1, 4]]
6	"3520.f1"	3520	[0, 1, 0, -505, -1497]	[[-14, 55]]
4	"3520.o1"	3520	[0, 0, 0, -2348, 43792]	[[37, 87]]
4	"3520.o2"	3520	[0, 0, 0, -148, 672]	[[4, 12]]
4	"3520.o3"	3520	[0, 0, 0, -23, -28]	[[-7/2, 21/2]]
4	"3520.o4"	3520	[0, 0, 0, 52, 2352]	[[24, 132]]
4	"3520.t2"	3520	[0, 0, 0, 68, -2544]	[[32, 180]]
4	"3520.u2"	3520	[0, 0, 0, 68, 2544]	[[8, 60]]
2	"3520.be2"	3520	[0, -1, 0, -1056, 12950]	[[349/6, 12833/6]]
6	"3532.a1"	3532	[0, 1, 0, -13, -24]	[[4, 2]]
6	"3536.b1"	3536	[0, 1, 0, -872, 9268]	[[12, 26]]
6	"3536.c1"	3536	[0, 1, 0, -952, -11628]	[[54, 312]]
6	"3536.c2"	3536	[0, 1, 0, -872, -13580]	[[188, 2550]]
4	"3536.e1"	3536	[0, 0, 0, -19387, -1015830]	[[-73, 102]]
4	"3536.h2"	3536	[0, 0, 0, -79, -210]	[[298/3, 4940/3]]
4	"3536.h3"	3536	[0, 0, 0, -74, -245]	[[6145/24, 185345/24]]
4	"3536.j1"	3536	[0, 0, 0, -187483, -31245750]	[[12519/5, 83022/5]]
2	"3536.k1"	3536	[0, -1, 0, -2192, -7840]	[[445/3, 1270/3]]
4	"3538.a1"	3538	[1, -1, 0, -668, -6466]	[[-131/3, 94/3]]
4	"3538.a2"	3538	[1, -1, 0, -58, 0]	[[-1, 8]]
4	"3538.a4"	3538	[1, -1, 0, 232, -174]	[[57, 414]]
4	"3538.b1"	3538	[1, -1, 0, 186922, 356878753012]	[[499421547388/4857, 358369431501868594/4857]]
4	"3542.f1"	3542	[1, -1, 0, -5047, 136857]	[[49, 49]]
4	"3542.g1"	3542	[1, -1, 0, -1899511, -1007177763]	[[6423/2, 65607/2]]
6	"3542.l1"	3542	[1, 0, 0, -779898, -31326092]	[[-434, 15232]]
6	"3542.l3"	3542	[1, 0, 0, -30538, 2249508]	[[84, 486]]
6	"3542.l4"	3542	[1, 0, 0, 193462, -3877340]	[[1820, 78950]]
5	"3542.o1"	3542	[1, 1, 1, -31502345, -68068456437]	[[-729641/15, 5792722/15]]
4	"3542.p1"	3542	[1, -1, 1, -94836604, 355501196993]	[[67577201451/3262, 3242229696715675/3262]]
4	"3542.p2"	3542	[1, -1, 1, -6567664, 4282243921]	[[12929241931/1890, 1115852156591509/1890]]
4	"3542.p3"	3542	[1, -1, 1, -5927574, 5555254913]	[[697691/14, 466813971/14]]
3	"3542.r1"	3542	[1, 0, 0, -328, -2426]	[[24541/12, 3677359/12]]
6	"3545.a1"	3545	[1, 0, 1, -74, -249]	[[911/7, 20644/7]]
6	"3547.b1"	3547	[0, 1, 1, 3, 3]	[[-1, 0]]
4	"3550.k1"	3550	[1, -1, 1, -1030, -12403]	[[39, 55]]
4	"3550.k2"	3550	[1, -1, 1, -30, -403]	[[19, 65]]
3	"3551.b1"	3551	[1, 0, 1, -1705, -71411]	[[2419/3, 113755/3]]
4	"3554.a1"	3554	[1, -1, 1, -36, -73]	[[15, 43]]
4	"3554.a2"	3554	[1, -1, 1, -16, -169]	[[133/3, 1181/3]]
6	"3560.b1"	3560	[0, 1, 0, -476, -4160]	[[32, 120]]
6	"3560.b2"	3560	[0, 1, 0, -31, -66]	[[-3, 3]]
4	"3560.e2"	3560	[0, 0, 0, 77, -162]	[[18, 84]]
2	"3560.g1"	3560	[0, -1, 0, -1516, 1716]	[[10/3, 152/3]]
4	"3562.e2"	3562	[1, -1, 1, -504, 3863]	[[611/10, 27861/10]]
4	"3562.e4"	3562	[1, -1, 1, 866, 20303]	[[2916579/170, 4967501093/170]]
