"189.b1"	189	[0, 0, 1, -3834, -91375]	[[-143/2, -3/2]]
"205.a3"	205	[1, -1, 1, -22, 44]	[[-1, 8]]
"205.a4"	205	[1, -1, 1, 98, 126]	[[1, 14]]
"219.c1"	219	[1, 1, 0, -1297, -18530]	[[207/2, 1691/2]]
"289.a1"	289	[1, -1, 1, -26209, -1626560]	[[625, 14715]]
"289.a2"	289	[1, -1, 1, -1644, -24922]	[[-589/5, 3594/5]]
"289.a3"	289	[1, -1, 1, -199, -68272]	[[239/2, 2647/2]]
"291.c1"	291	[1, 1, 1, -18, -36]	[[-3, 2]]
"333.b1"	333	[0, 0, 1, -16860, 842625]	[[-351/2, 10261/2]]
"377.a2"	377	[1, -1, 0, -13, 0]	[[-9/2, 39/2]]
"377.a4"	377	[1, -1, 0, 52, -39]	[[127/6, 2509/6]]
"385.b1"	385	[1, -1, 1, -10267, 402966]	[[61, -1]]
"423.d1"	423	[1, -1, 0, -6768, -212625]	[[6867/2, 561393/2]]
"425.d1"	425	[1, -1, 0, -2267, -40984]	[[1589/4, 50597/4]]
"429.b1"	429	[1, 0, 0, -6864, 218313]	[[104, 743]]
"429.b2"	429	[1, 0, 0, -3009, -61770]	[[-34, 56]]
"429.b4"	429	[1, 0, 0, -429, 3384]	[[24, 72]]
"429.b5"	429	[1, 0, 0, -24, 63]	[[6, 9]]
"441.f1"	441	[1, -1, 0, -345753, -78165914]	[[234399/10, 108307823/10]]
"441.f2"	441	[1, -1, 0, -21618, -1216265]	[[9255/2, 879115/2]]
"455.a1"	455	[1, -1, 1, -397, -2796]	[[-11, 17]]
"455.b1"	455	[1, -1, 0, -4670, -121675]	[[14797/12, 1102837/12]]
"455.b2"	455	[1, -1, 0, -295, -1800]	[[-41/2, 107/2]]
"455.b4"	455	[1, -1, 0, 160, -7169]	[[1087/6, 30553/6]]
"465.a4"	465	[1, 0, 0, 60, 15]	[[2, 11]]
"481.a1"	481	[1, -1, 0, -1693, 27240]	[[87/2, 63/2]]
"495.a1"	495	[1, -1, 1, -533, -4598]	[[-13, 7]]
"525.a1"	525	[1, 1, 1, -2813, -58594]	[[-31, 17]]
"539.a1"	539	[0, 1, 1, -383196, 91174234]	[[1429/2, 45/2]]
"539.d1"	539	[1, 0, 1, -2525, -45279]	[[-117/2, 603/2]]
"579.a2"	579	[1, 0, 0, 12, 3]	[[2, 5]]
"585.g3"	585	[1, -1, 0, -71370, 8011575]	[[519/2, 7167/2]]
"585.g7"	585	[1, -1, 0, 1890, -61479]	[[115/2, 897/2]]
"609.a1"	609	[1, 1, 1, -204624, 35542050]	[[1317, 44646]]
"609.a2"	609	[1, 1, 1, -42469, -2756140]	[[-153, 511]]
"609.a5"	609	[1, 1, 1, -784, 8720]	[[-5, 114]]
"615.a2"	615	[1, 1, 1, 19, -16]	[[3, 7]]
"635.b1"	635	[0, 1, 1, -45, -209]	[[37/2, 123/2]]
"651.a1"	651	[1, 0, 0, -3044, -64887]	[[-32, 19]]
"657.a2"	657	[1, -1, 1, 34, 46]	[[1, 8]]
"663.a1"	663	[1, 1, 1, -20174, -1111138]	[[-329/2, 427/2]]
"663.a2"	663	[1, 1, 1, -1389, -14094]	[[-27, 81]]
"663.a3"	663	[1, 1, 1, -544, 4496]	[[79, 640]]
"663.a4"	663	[1, 1, 1, -539, 4592]	[[9, 19]]
"663.a6"	663	[1, 1, 1, 3876, -89910]	[[25, 140]]
"665.a1"	665	[0, -1, 1, -16660, -1081562]	[[18757/6, 2475991/6]]
"665.e1"	665	[1, -1, 0, -194, 1085]	[[71/2, 367/2]]
"723.a2"	723	[1, 1, 1, 11, -10]	[[1, 1]]
"735.c1"	735	[1, 0, 0, -105841, 13244636]	[[188, -88]]
"735.c4"	735	[1, 0, 0, -3921, -94830]	[[74, 110]]
"735.c8"	735	[1, 0, 0, 1714, 14685]	[[4, 145]]
"759.b1"	759	[1, 0, 0, -93104, -10942305]	[[117555/14, 32678505/14]]
"759.b2"	759	[1, 0, 0, -5819, -171336]	[[499/2, 7691/2]]
"759.b3"	759	[1, 0, 0, -5654, -181467]	[[112099/30, 25991797/30]]
"759.b5"	759	[1, 0, 0, -374, -2541]	[[34, 139]]
"777.c1"	777	[1, 1, 1, -4144, 100952]	[[39, 4]]
"791.a1"	791	[1, -1, 1, -4219, -104412]	[[48769/24, 4580395/24]]
"791.a2"	791	[1, -1, 1, -264, -1582]	[[619/3, 13898/3]]
"791.a3"	791	[1, -1, 1, -229, -2044]	[[527/2, 11447/2]]
"795.c1"	795	[1, 1, 0, -848, -9867]	[[949/4, 23127/4]]
"795.c4"	795	[1, 1, 0, 22, -513]	[[223/2, 3151/2]]
"797.a1"	797	[1, 0, 0, 2, 1]	[[0, 1]]
"799.a1"	799	[1, 1, 1, -353, -2120]	[[23, 39]]
"813.a1"	813	[0, 1, 1, -115243, -15096572]	[[-10750211/234, -6403697/234]]
"813.a2"	813	[0, 1, 1, -1423, -21113]	[[-91/2, 11/2]]
"825.c2"	825	[0, 1, 1, 3167, 11119]	[[181/2, 3989/2]]
"867.a2"	867	[1, 1, 1, 62, 224]	[[1, 16]]
"867.c1"	867	[0, -1, 1, -17147, -859018]	[[789/2, 14735/2]]
"873.c2"	873	[1, -1, 0, -1521, -20048]	[[14601/8, 1675471/8]]
"873.c3"	873	[1, -1, 0, -1476, -21461]	[[275/2, 3289/2]]
"873.c4"	873	[1, -1, 0, 2124, -103883]	[[3623/2, 214627/2]]
"885.a1"	885	[0, 1, 1, -19330, -1040876]	[[-323/2, 17/2]]
"885.c1"	885	[1, 1, 0, -472, 3481]	[[63/2, 67/2]]
"897.a1"	897	[1, 1, 1, -219, 1146]	[[11, 9]]
"897.d1"	897	[1, 0, 0, -5037552, 4351465395]	[[1302, -261]]
"901.b2"	901	[1, -1, 1, 180, -1492]	[[49, 326]]
"901.d1"	901	[1, 1, 1, -29863, 1910608]	[[757/3, 265/3]]
"905.b1"	905	[1, 1, 0, -18, 23]	[[-1/2, 43/2]]
"915.b4"	915	[1, 1, 0, 163, 966]	[[79/2, 811/2]]
"921.b2"	921	[0, 1, 1, 157, -130]	[[85/2, 917/2]]
"939.c2"	939	[1, 0, 1, 9, -23]	[[43/2, 247/2]]
"975.i1"	975	[1, 1, 0, -3250000, -2256492875]	[[47745136965/2684, 9934123193216195/2684]]
"975.i2"	975	[1, 1, 0, -203125, -35321000]	[[-878361/58, 27647851/58]]
"975.i3"	975	[1, 1, 0, -198250, -37090625]	[[7765202319/3538, 380236785822631/3538]]
"975.i4"	975	[1, 1, 0, -13000, -528125]	[[-321/2, 959/2]]
"975.i7"	975	[1, 1, 0, 5250, 284625]	[[-635/4, 9295/4]]
"979.b2"	979	[1, 1, 0, -14041, -747030]	[[17079/10, 1283247/10]]
"987.b1"	987	[1, 0, 0, -6909, 79524]	[[0, 282]]
"1015.c1"	1015	[0, 1, 1, -582247911, -5407862107580]	[[26785172701/858, 2933954541607519/858]]
"1019.b1"	1019	[0, 1, 1, -1961, 32779]	[[101/2, -3/2]]
"1085.b1"	1085	[1, 0, 0, -186, 961]	[[0, 31]]
"1089.b1"	1089	[0, 0, 1, -8516343, -9565943918]	[[35585/2, 6292843/2]]
"1089.b2"	1089	[0, 0, 1, -11253, -832208]	[[737/2, 14637/2]]
"1089.j2"	1089	[1, -1, 0, -12546, 173047]	[[5603/2, 412357/2]]
"1089.j4"	1089	[1, -1, 0, 47349, 1311052]	[[419/2, 21361/2]]
"1095.a1"	1095	[1, 0, 0, -1181, -15714]	[[-315/4, 741/4]]
"1095.a2"	1095	[1, 0, 0, -86, -165]	[[-6, 15]]
"1095.a4"	1095	[1, 0, 0, 289, -1140]	[[168, 2106]]
"1139.a2"	1139	[1, 0, 0, 255, 1156]	[[0, 34]]
"1155.c1"	1155	[0, 1, 1, -26790, -31917424]	[[6197/2, 483149/2]]
"1155.d1"	1155	[1, 1, 1, -881, 9698]	[[17, -7]]
"1155.d4"	1155	[1, 1, 1, 49, 674]	[[-1, 25]]
"1155.e1"	1155	[1, 1, 1, -13250, -592540]	[[-67, 38]]
"1155.e5"	1155	[1, 1, 1, 255, 7152]	[[-9, 69]]
"1155.h1"	1155	[0, 1, 1, -841, -9674]	[[205/2, 2321/2]]
"1155.k4"	1155	[1, 1, 0, -11872, -1239641]	[[2507/2, 120913/2]]
"1155.l1"	1155	[1, 0, 1, -2054, -35989]	[[219/2, 803/2]]
"1221.c1"	1221	[1, 0, 1, -595, -5629]	[[1087/6, 10591/6]]
"1221.c3"	1221	[1, 0, 1, -40, -79]	[[55/2, 301/2]]
"1271.a1"	1271	[1, -1, 0, -166, -783]	[[909/4, 24627/4]]
"1271.a2"	1271	[1, -1, 0, -11, -8]	[[-9/2, 19/2]]
"1293.a1"	1293	[0, 1, 1, -111940, -14420480]	[[-787/2, 1289/2]]
"1299.b1"	1299	[1, 0, 0, -25, -34]	[[-2, 4]]
"1299.c1"	1299	[1, 0, 0, -62352, -5997915]	[[11707/6, 581209/6]]
"1299.c2"	1299	[1, 0, 0, -3897, -93960]	[[531/2, 9999/2]]
"1299.c3"	1299	[1, 0, 0, -3762, -100737]	[[1046, 33251]]
"1365.b4"	1365	[1, 0, 0, 6909, 86436]	[[0, 294]]
"1369.b1"	1369	[1, -1, 1, -1663, -25680]	[[75, 479]]
"1369.b2"	1369	[1, -1, 1, 2, -2]	[[1, 0]]
"1369.c1"	1369	[0, 1, 1, -2564593, -1581651042]	[[-4028939/66, -145117/66]]
"1369.c2"	1369	[0, 1, 1, -31943, -2138543]	[[-3971/6, 50545/6]]
"1369.c3"	1369	[0, 1, 1, -4563, 116200]	[[85/2, 1365/2]]
"1369.d1"	1369	[1, -1, 0, -2276219, -1321241558]	[[421055215896628564251093/15118249772, 90485547485451381407629665671951171/15118249772]]
"1369.d2"	1369	[1, -1, 0, 3166, -59359]	[[1981/4, 91377/4]]
"1407.c1"	1407	[1, 0, 0, -262947, -51904818]	[[-294, 42]]
"1411.a1"	1411	[1, 0, 0, -443, -3626]	[[26, 38]]
"1425.a4"	1425	[1, 1, 1, 212, 3656]	[[-5, 52]]
"1445.a1"	1445	[0, 1, 1, -248925, -47885601]	[[-226103/28, 8275/28]]
"1445.b1"	1445	[0, -1, 1, -861, -9443]	[[-1063/8, -253/8]]
"1479.c2"	1479	[0, 1, 1, 39320, -6363488]	[[257149/30, 143564543/30]]
"1485.e2"	1485	[0, 0, 1, -42, -105]	[[-15/2, -3/2]]
"1495.c1"	1495	[0, 1, 1, -88535, -10341429]	[[1421/2, 14231/2]]
"1507.c1"	1507	[1, 1, 0, -61, -210]	[[-185/6, 365/6]]
"1507.c2"	1507	[1, 1, 0, -6, -1]	[[-1/2, 7/2]]
"1547.a2"	1547	[1, 0, 0, 52, 13]	[[4, 15]]
"1575.c1"	1575	[1, -1, 1, -176405, 28561722]	[[243, -115]]
"1575.c3"	1575	[1, -1, 1, -8780, -312528]	[[-51, 0]]
"1587.e1"	1587	[1, 0, 1, -8211, 284719]	[[1699/6, 6433/6]]
"1605.c1"	1605	[0, 1, 1, -625, -6224]	[[-59/2, 11/2]]
"1611.g2"	1611	[1, -1, 0, -12, -13]	[[19/2, 17/2]]
"1617.e5"	1617	[1, 0, 0, 1518, 1917747]	[[186, 2847]]
"1617.e6"	1617	[1, 0, 0, 6173, -129718]	[[526, 11932]]
"1659.a4"	1659	[1, 0, 0, 206, -2077]	[[14, 53]]
"1683.b2"	1683	[1, -1, 1, 1699, 24976]	[[17, 233]]
"1683.d1"	1683	[0, 0, 1, -894, 23535]	[[369/2, 6813/2]]
"1683.i2"	1683	[1, -1, 0, 189, -988]	[[23/2, 107/2]]
"1725.l1"	1725	[0, 1, 1, -6283, -208331]	[[1133/2, 36497/2]]
"1731.b2"	1731	[1, 0, 0, 36, 9]	[[0, 3]]
"1737.b2"	1737	[1, -1, 0, 108, -81]	[[39/2, 303/2]]
"1755.c3"	1755	[0, 0, 1, 3132, -76552]	[[97/2, 931/2]]
"1755.d1"	1755	[0, 0, 1, -3942, -95263]	[[3625/6, 156961/6]]
"1785.c1"	1785	[1, 0, 0, -1686, 26505]	[[24, -9]]
"1785.e1"	1785	[1, 0, 0, -71740, -7387525]	[[490, 8425]]
"1785.e6"	1785	[1, 0, 0, 24230, -188263]	[[64, 1243]]
"1785.n1"	1785	[1, 0, 1, -13654, 611777]	[[315/2, 983/2]]
"1793.c1"	1793	[0, 1, 1, 1, -26]	[[29/2, 159/2]]
"1813.b1"	1813	[0, -1, 1, -91793, 10735059]	[[701/2, -3/2]]
"1815.b1"	1815	[0, 1, 1, -724951, -237822920]	[[4421/2, 141371/2]]
"1815.d2"	1815	[1, 1, 0, -16337, 796536]	[[783/2, 17367/2]]
"1815.d3"	1815	[1, 1, 0, -13312, 1104481]	[[6871/6, 488797/6]]
"1815.d4"	1815	[1, 1, 0, -9682, -370751]	[[555/2, 7369/2]]
"1827.d1"	1827	[1, -1, 0, -1841616, -961476971]	[[4503639/50, 4831881187/50]]
"1827.d3"	1827	[1, -1, 0, -117306, -14395073]	[[5712231/62, 13073380789/62]]
"1827.d4"	1827	[1, -1, 0, -115101, -15001448]	[[5943/2, 438907/2]]
"1827.d6"	1827	[1, -1, 0, 112329, -64042160]	[[5047493410335/58838, 11369659432888723585/58838]]
"1845.a1"	1845	[1, -1, 1, -248, -1434]	[[-9, 6]]
"1881.c2"	1881	[0, 0, 1, 1734, 10044]	[[10593/2, 1090387/2]]
"1911.f2"	1911	[1, 0, 1, -957, -10391]	[[-53/2, 55/2]]
"1925.e1"	1925	[0, 1, 1, -1783, -29581]	[[-99/2, -1/2]]
"1925.i1"	1925	[1, -1, 0, -256667, 50114116]	[[20761/8, 405431/8]]
"1925.j2"	1925	[1, 1, 0, 0, 875]	[[59/2, 469/2]]
"1925.k2"	1925	[1, 1, 0, -80, -325]	[[565/4, 12055/4]]
"1935.b1"	1935	[1, -1, 1, -83, -268]	[[-5, 3]]
"1935.c1"	1935	[1, -1, 1, -1250003, -537603588]	[[9790979/65, 25744593603/65]]
"1947.d2"	1947	[1, 0, 1, -62, 155]	[[39/2, 137/2]]
"1947.d4"	1947	[1, 0, 1, 103, 881]	[[175/6, 7747/6]]
"1953.g2"	1953	[1, -1, 0, -11646, -464265]	[[4615/2, 307375/2]]
"1961.a2"	1961	[1, -1, 0, -46, 87]	[[-241/10, 14603/10]]
"1961.a3"	1961	[1, -1, 0, -41, 112]	[[-9/2, 119/2]]
"1961.a4"	1961	[1, -1, 0, 139, 494]	[[263719/210, 332448383/210]]
"1971.e1"	1971	[0, 0, 1, -486, 4124]	[[-87/2, 527/2]]
"1975.c2"	1975	[1, 0, 1, -1001, -13977]	[[2037/4, 84719/4]]
"1975.d3"	1975	[1, -1, 0, -3292, 73491]	[[1149/4, 26577/4]]
"1989.e2"	1989	[1, -1, 0, -12501, 368032]	[[2709/4, 106967/4]]
"1989.e6"	1989	[1, -1, 0, 34884, 2462449]	[[271197/52, 363963683/52]]
"1995.d2"	1995	[1, 0, 0, -10051, -324520]	[[-56, 280]]
"2005.a2"	2005	[1, -1, 1, 18, 26]	[[5, 12]]
"2005.b1"	2005	[1, -1, 1, -53467, -4745166]	[[716197/44, 418555099/44]]
"2005.b2"	2005	[1, -1, 1, -3342, -73516]	[[1677/4, 50899/4]]
"2005.b3"	2005	[1, -1, 1, -3217, -79366]	[[738277/84, 472091159/84]]
"2005.b4"	2005	[1, -1, 1, -217, -1016]	[[97, 891]]
"2019.c1"	2019	[1, 0, 0, -158, -759]	[[-8, 7]]
"2037.b2"	2037	[1, 1, 1, 45, -1164]	[[21, 87]]
"2057.b2"	2057	[0, 1, 1, 1291, -35051]	[[149/2, 2053/2]]
"2067.b1"	2067	[0, 1, 1, -1963, -34139]	[[1885/6, 20807/6]]
"2093.h1"	2093	[0, 1, 1, -14829659, -21985816061]	[[14674995661/1230, 1608233748263209/1230]]
"2135.d3"	2135	[0, 1, 1, 29379, -108390]	[[6361/12, 1952261/12]]
"2135.f1"	2135	[1, 1, 0, -142, -681]	[[-33/2, 3/2]]
"2139.c1"	2139	[1, 1, 0, -495, -4452]	[[523/2, 11309/2]]
"2163.c2"	2163	[1, 0, 0, -557, -3078]	[[-14, 52]]
"2189.a1"	2189	[0, 1, 1, -28027, 1796670]	[[-771/2, 2185/2]]
"2211.c1"	2211	[0, 1, 1, -15837, -773128]	[[203261/10, 91481209/10]]
"2235.a1"	2235	[0, 1, 1, -3470, -94654]	[[381/2, 5351/2]]
"2235.b1"	2235	[1, 1, 1, -15045, 125850]	[[-1699/5, 118761/5]]
"2235.d2"	2235	[1, 1, 0, -447, -3816]	[[18413/4, 2462649/4]]
"2235.d3"	2235	[1, 1, 0, -222, -7371]	[[290159/110, 40727457/110]]
"2235.d4"	2235	[1, 1, 0, -42, -9]	[[-1/2, 11/2]]
"2261.a2"	2261	[1, 1, 1, -749, -11954]	[[989, 30615]]
"2265.e4"	2265	[1, 0, 0, 245, -12640]	[[32, 152]]
"2275.c1"	2275	[1, -1, 1, -116755, -15326128]	[[599, 11075]]
"2275.c2"	2275	[1, -1, 1, -7380, -232378]	[[-45, 106]]
"2275.c4"	2275	[1, -1, 1, 3995, -892128]	[[2095/2, 94123/2]]
"2277.b1"	2277	[1, -1, 0, -837936, 295442235]	[[3015/2, 73575/2]]
"2277.b4"	2277	[1, -1, 0, -12681, -473526]	[[16011/10, 1177461/10]]
"2277.b5"	2277	[1, -1, 0, -3366, 68607]	[[243/2, 2097/2]]
"2289.b4"	2289	[1, 0, 0, -707, -102672]	[[1972624/195, 34588328/195]]
"2289.c1"	2289	[1, 1, 0, -4069, -101618]	[[161839/30, 58077353/30]]
"2289.c3"	2289	[1, 1, 0, -254, -1665]	[[823/6, 13001/6]]
"2289.c4"	2289	[1, 1, 0, -9, -48]	[[79/2, 635/2]]
"2289.d2"	2289	[1, 0, 1, 4, 5]	[[59/2, 399/2]]
"2295.g2"	2295	[0, 0, 1, 11718, -95263]	[[145/2, 4909/2]]
"2295.i1"	2295	[0, 0, 1, -111057102, -450471809815]	[[3230721937/442, 129103745620251/442]]
"2295.i2"	2295	[0, 0, 1, -1369602, -619325440]	[[18057/2, 2335001/2]]
"2325.i3"	2325	[1, 1, 0, -250, -1625]	[[-591/8, 1517/8]]
"2325.i4"	2325	[1, 1, 0, 1500, 1875]	[[1205/4, 45015/4]]
"2331.c1"	2331	[1, -1, 1, -23504, -626272]	[[169, 370]]
"2343.f1"	2343	[0, 1, 1, -7037, -229573]	[[-195/2, -1/2]]
"2365.c1"	2365	[0, 1, 1, -481, -4194]	[[-51/2, 39/2]]
"2365.c2"	2365	[0, 1, 1, -41, 85]	[[5/2, 45/2]]
"2397.a1"	2397	[0, 1, 1, -11517, -479578]	[[-8975/12, 4049/12]]
"2403.c1"	2403	[1, -1, 1, -11882, -495530]	[[-1003/4, 1975/4]]
"2403.d1"	2403	[1, -1, 1, -29, 66]	[[3, -1]]
"2415.a1"	2415	[1, 1, 1, -5051, 136064]	[[41, -17]]
"2415.a4"	2415	[1, 1, 1, 479, 10568]	[[-9, 79]]
"2415.c1"	2415	[1, 0, 0, -4430, -113505]	[[-38, 1]]
"2415.c4"	2415	[1, 0, 0, 1620, 405]	[[12, 141]]
"2415.g2"	2415	[0, 1, 1, 189, -2809]	[[53/2, 371/2]]
"2475.i1"	2475	[1, -1, 0, -13317, -588034]	[[-265/2, 363/2]]
"2485.c2"	2485	[0, 1, 1, 1155, 101134]	[[-4223/12, 357047/12]]
"2507.a1"	2507	[0, 1, 1, -913, -10932]	[[189/2, 1849/2]]
"2535.j1"	2535	[1, 1, 0, -365043, -85043772]	[[139441789/348, 1323572725861/348]]
"2535.j2"	2535	[1, 1, 0, -22818, -1335537]	[[35989/12, 4866403/12]]
"2535.j3"	2535	[1, 1, 0, -18593, -1840002]	[[132567229/732, 1113712635343/732]]
"2535.j4"	2535	[1, 1, 0, -13523, 599682]	[[943/2, 25083/2]]
"2535.j5"	2535	[1, 1, 0, -1693, -13112]	[[-113/2, 1031/2]]
"2595.c1"	2595	[1, 1, 0, -3093, -65262]	[[-24697/26, 766715/26]]
"2595.c2"	2595	[1, 1, 0, -498, 2727]	[[-97/2, 383/2]]
"2595.c4"	2595	[1, 1, 0, 1377, 20352]	[[-5737/22, 599773/22]]
"2605.a1"	2605	[1, 1, 0, -37, -84]	[[-89/6, 277/6]]
"2605.a2"	2605	[1, 1, 0, -12, 11]	[[-1/2, 31/2]]
"2651.a1"	2651	[0, -1, 1, -670, 6910]	[[85/2, 337/2]]
"2651.a2"	2651	[0, -1, 1, 4720, -73170]	[[1485/2, 58077/2]]
"2691.g1"	2691	[1, -1, 0, -1971, -32918]	[[291/2, 3329/2]]
"2695.a1"	2695	[1, -1, 1, -503068, -137211294]	[[30211/6, 1113631/6]]
"2695.a2"	2695	[1, -1, 1, -34138, -1747658]	[[-545/2, 5343/2]]
"2695.a3"	2695	[1, -1, 1, -31443, -2137894]	[[601, 13691]]
"2717.b1"	2717	[0, 1, 1, -25563, -1581258]	[[-371/2, 161/2]]
"2717.b3"	2717	[0, 1, 1, -793, 8336]	[[-27/2, 923/2]]
"2739.c2"	2739	[1, 1, 0, -2382, -45585]	[[54555/2, 12688365/2]]
"2751.d2"	2751	[1, 1, 0, -924, -1845]	[[8503/6, 754081/6]]
"2751.d4"	2751	[1, 1, 0, 3661, -10098]	[[10246399/210, 32889276587/210]]
"2757.b1"	2757	[0, 1, 1, -343, -893]	[[205/2, 2753/2]]
"2793.i1"	2793	[1, 1, 0, -4974, -137115]	[[3415/6, 99025/6]]
"2793.i2"	2793	[1, 1, 0, -319, -2120]	[[143/2, 1327/2]]
"2805.b2"	2805	[0, 1, 1, 8839, 116045]	[[1261/2, 46871/2]]
"2805.d4"	2805	[1, 0, 1, 25021, 35151977]	[[1707/2, 87227/2]]
"2817.a2"	2817	[1, -1, 1, 85, 614]	[[-3, 19]]
"2825.a1"	2825	[1, 1, 1, -463, -4094]	[[55, 347]]
"2825.b1"	2825	[1, 0, 1, -51, -127]	[[-21/2, 23/2]]
"2829.a1"	2829	[1, 1, 1, -45264, -3725478]	[[1107/2, 16849/2]]
"2829.a2"	2829	[1, 1, 1, -2829, -59094]	[[225, 3167]]
"2829.a3"	2829	[1, 1, 1, -2714, -63970]	[[71, 292]]
"2829.f2"	2829	[1, 1, 0, 54, -729]	[[351/2, 6291/2]]
"2829.g1"	2829	[1, 0, 1, -1715, 24761]	[[135/2, 461/2]]
"2847.a2"	2847	[1, 1, 1, -113, -3166]	[[17, 5]]
"2869.a1"	2869	[0, -1, 1, -38920, -2941820]	[[-451/2, 147/2]]
"2869.a2"	2869	[0, -1, 1, -1110, 14580]	[[69/2, 127/2]]
"2871.b2"	2871	[1, -1, 1, -3119, -180372]	[[479, 10155]]
"2877.a1"	2877	[1, 1, 1, -63, -138]	[[-5, 11]]
"2895.b1"	2895	[1, 0, 0, -90776, -10531995]	[[2188, 100231]]
"2895.b2"	2895	[1, 0, 0, -6401, -120120]	[[-56, 280]]
"2895.b4"	2895	[1, 0, 0, 19654, -844449]	[[355/2, 9767/2]]
"2895.d1"	2895	[0, 1, 1, -5211, -2267509]	[[2072317/66, 2919778127/66]]
"2895.d3"	2895	[0, 1, 1, 579, 83810]	[[-99/2, 1871/2]]
"2919.d4"	2919	[1, 0, 1, 605, 11471]	[[43/2, 1063/2]]
"2943.c1"	2943	[1, -1, 1, -5, -2]	[[-1, 1]]
"2955.b1"	2955	[0, 1, 1, -389715, -93771619]	[[-1443/2, -1/2]]
"3045.a1"	3045	[1, 1, 1, -3261, 70314]	[[33, -13]]
"3045.c1"	3045	[1, 1, 1, -1856910, -974718630]	[[-119717009/390, 23467010341/390]]
"3045.c2"	3045	[1, 1, 1, -116185, -15231010]	[[-6977/6, 70873/6]]
"3045.c3"	3045	[1, 1, 1, -57460, -30546490]	[[2702431/42, 4313733775/42]]
"3045.c4"	3045	[1, 1, 1, -11060, 33140]	[[-77, 698]]
"3045.c7"	3045	[1, 1, 1, -4890, 480072]	[[657, 16446]]
"3045.d1"	3045	[1, 0, 0, -2321, 42846]	[[30, 6]]
"3059.a1"	3059	[1, -1, 1, -44284, -3575784]	[[35965/3, 6756304/3]]
"3075.g2"	3075	[0, 1, 1, -1983, 146894]	[[-1931/6, 68813/6]]
"3075.h1"	3075	[0, 1, 1, -3583, -84881]	[[70597/14, 18504611/14]]
"3099.b2"	3099	[1, 1, 0, -5, 84]	[[-5/2, 81/2]]
"3135.c1"	3135	[1, 1, 1, -5710, 163382]	[[51, 64]]
"3135.e1"	3135	[1, 0, 0, -29185, -1920790]	[[1363/2, 40763/2]]
"3135.e2"	3135	[1, 0, 0, -2110, -20125]	[[70, 385]]
"3135.e4"	3135	[1, 0, 0, -980, 11727]	[[82, 655]]
"3135.e6"	3135	[1, 0, 0, 6965, -145360]	[[757/4, 32989/4]]
"3143.a2"	3143	[1, 0, 0, 28, 7]	[[6, 17]]
"3155.a1"	3155	[0, 1, 1, -702775, -226997616]	[[632178918294143557/23688678, 269924495074018983501791363/23688678]]
"3155.a2"	3155	[0, 1, 1, -8675, -314021]	[[2498029/78, 3840750809/78]]
"3165.a1"	3165	[1, 1, 1, -3798000, 2847339492]	[[1167, 1886]]
"3179.a1"	3179	[0, 1, 1, -2260076, -1308527588]	[[298301765/86, 5148525445821/86]]
"3179.a2"	3179	[0, 1, 1, -2986, -114768]	[[333/2, 3753/2]]
"3179.b1"	3179	[0, -1, 1, -28707, -4272975]	[[1197/2, 29763/2]]
"3195.a1"	3195	[1, -1, 1, -2147, 38814]	[[29, 3]]
"3195.d1"	3195	[1, -1, 0, -17055, -853034]	[[462875/38, 273891163/38]]
"3195.d2"	3195	[1, -1, 0, -3105, 50836]	[[-105/2, 2803/2]]
"3195.d3"	3195	[1, -1, 0, -1080, -12749]	[[1235/2, 41857/2]]
"3199.b1"	3199	[1, -1, 0, -7, 0]	[[-9/2, 3/2]]
"3199.b2"	3199	[1, -1, 0, 28, -21]	[[31/6, 293/6]]
"3201.b1"	3201	[1, 0, 0, -4754, 125769]	[[40, -17]]
"3201.c1"	3201	[1, 0, 0, -178, 899]	[[10, 7]]
"3205.b3"	3205	[1, -1, 1, -8347, 295594]	[[43/2, 3593/2]]
"3205.b4"	3205	[1, -1, 1, -5227, 516476]	[[171, 2059]]
"3213.k1"	3213	[0, 0, 1, -1103490, -427069591]	[[-2783/2, 15781/2]]
"3213.k3"	3213	[0, 0, 1, -177120, 28691253]	[[-1479/2, 52839/2]]
"3249.a1"	3249	[0, 0, 1, -14264193, -20735753270]	[[879985/14, 207599981/14]]
"3249.d1"	3249	[0, 0, 1, -2499564, -1521053555]	[[386593/14, 95931851/14]]
"3249.d2"	3249	[0, 0, 1, -30324, -2162300]	[[817/2, 3245/2]]
"3249.g4"	3249	[1, -1, 0, 27549, 5279044]	[[3155/2, 178789/2]]
"3255.b1"	3255	[1, 1, 1, -8420, 293870]	[[53, -22]]
"3255.c1"	3255	[1, 1, 1, -213605, -37759300]	[[-257, 623]]
"3255.c5"	3255	[1, 1, 1, -14200, 1507322]	[[4861/5, 297644/5]]
"3255.e1"	3255	[1, 1, 0, -1142862, -470737071]	[[44187/2, 9199533/2]]
"3267.f2"	3267	[0, 0, 1, -3630, -84186]	[[1089/2, 34965/2]]
"3267.f3"	3267	[0, 0, 1, 0, -333]	[[33/2, 117/2]]
"3311.b1"	3311	[1, 1, 0, -2515, -49608]	[[2083/6, 5119/6]]
"3311.b2"	3311	[1, 1, 0, -150, -889]	[[155/2, 1693/2]]
"3315.f2"	3315	[1, 1, 0, -8591808, -9068791113]	[[41439/2, 8014011/2]]
"3341.a1"	3341	[1, -1, 1, -75, -226]	[[-17/2, 7/2]]
"3341.a2"	3341	[1, -1, 1, -10, 8]	[[-1, 4]]
"3391.a1"	3391	[1, 0, 0, -4, 1]	[[0, 1]]
"3393.c4"	3393	[1, -1, 1, 466, 586]	[[5, 52]]
"3417.f2"	3417	[1, 0, 1, -77, -205]	[[3255/2, 182465/2]]
"3417.f3"	3417	[1, 0, 1, -72, -239]	[[52081/16, 11463713/16]]
"3417.f4"	3417	[1, 0, 1, 178, -1225]	[[19121/56, 1129269/56]]
"3419.b1"	3419	[1, 1, 0, -2347, 42798]	[[111/2, -105/2]]
"3423.d2"	3423	[1, 0, 1, -505, -4249]	[[-879/8, 9245/8]]
"3423.d4"	3423	[1, 0, 1, 230, -15421]	[[64041/40, 14144041/40]]
"3451.c1"	3451	[0, 0, 1, 1100, -195356]	[[2617/6, 111871/6]]
"3459.a1"	3459	[1, 1, 1, -23, -52]	[[9, 19]]
"3459.a2"	3459	[1, 1, 1, -8, -100]	[[35/2, 157/2]]
"3465.d1"	3465	[1, -1, 1, -18482, 971696]	[[79, -36]]
"3465.d2"	3465	[1, -1, 1, -1832, -4084]	[[69, 406]]
"3465.g4"	3465	[1, -1, 1, 8158, -123384]	[[71, 864]]
"3477.b2"	3477	[1, 1, 0, -7411, -228830]	[[117931/30, 26178331/30]]
"3477.b3"	3477	[1, 1, 0, -1616, 20355]	[[1555/6, 34855/6]]
"3525.d1"	3525	[1, 1, 1, -26938, -1296094]	[[-101, 688]]
"3549.c1"	3549	[1, 0, 1, -132500, -18574957]	[[379291/30, 12989549/30]]
"3549.c2"	3549	[1, 0, 1, -8285, -290509]	[[-843/4, 349/4]]
"3553.c1"	3553	[1, 1, 0, -36, 59]	[[-1/2, 67/2]]
"3553.c2"	3553	[1, 1, 0, 59, 420]	[[69/4, 1647/4]]
