1, 2, 2418, 2060,0.8519437551695617
1, 3, 3792, 2747,0.7244198312236287
1, 5, 6057, 3693,0.6097077761267955
1, 7, 7280, 3873,0.5320054945054945
1, 11, 8441, 3980,0.4715081151522331
1, 13, 8781, 3690,0.4202254868466006
1, 101, 9916, 2653,0.2675473981444131
2, 2, 3028, 2990,0.987450462351387
2, 3, 4796, 4144,0.8640533778148457
2, 5, 6912, 5729,0.8288483796296297
2, 7, 7736, 5798,0.749482936918304
2, 11, 8598, 6197,0.7207490113979995
2, 13, 8728, 5985,0.685724106324473
2, 101, 9890, 5372,0.543174924165824
3, 2, 3609, 3608,0.999722914934885
3, 3, 5817, 5420,0.9317517620766719
3, 5, 7744, 6863,0.8862345041322314
3, 7, 8421, 6823,0.8102363139769624
3, 11, 8932, 7166,0.8022839229735782
3, 13, 9023, 7027,0.7787875429458052
3, 101, 9866, 7086,0.718224204338131
4, 2, 2085, 2085,1.0
4, 3, 2086, 2003,0.9602109300095877
4, 5, 2086, 1866,0.8945349952061361
4, 7, 2086, 1760,0.8437200383509108
4, 11, 2086, 1739,0.8336529242569511
4, 13, 2086, 1661,0.7962607861936721
4, 101, 2086, 1636,0.7842761265580057
5, 2, 19, 19,1.0
5, 3, 19, 19,1.0
5, 5, 19, 19,1.0
5, 7, 19, 18,0.9473684210526315
5, 11, 19, 17,0.8947368421052632
5, 13, 19, 16,0.8421052631578947
5, 101, 19, 15,0.7894736842105263
