1, 2, 2418, 2418,1.0
1, 3, 3792, 3464,0.9135021097046413
1, 5, 6057, 5158,0.851576688129437
1, 7, 7280, 5653,0.776510989010989
1, 11, 8441, 6524,0.77289420684753
1, 13, 8781, 6322,0.7199635576813574
2, 2, 3028, 3028,1.0
2, 3, 4796, 4517,0.9418265221017514
2, 5, 6912, 6147,0.8893229166666666
2, 7, 7736, 6506,0.8410031023784902
2, 11, 8598, 7191,0.8363572923935799
2, 13, 8728, 6930,0.7939963336388635
3, 2, 3609, 3609,1.0
3, 3, 5817, 5647,0.9707753137356026
3, 5, 7744, 7043,0.909478305785124
3, 7, 8421, 7277,0.8641491509321934
3, 11, 8932, 7653,0.856806986117331
3, 13, 9023, 7408,0.8210129668624626
4, 2, 2085, 2085,1.0
4, 3, 2086, 2010,0.9635666347075743
4, 5, 2086, 1889,0.9055608820709492
4, 7, 2086, 1796,0.8609779482262704
4, 11, 2086, 1795,0.8604985618408437
4, 13, 2086, 1696,0.8130393096836049
5, 2, 19, 19,1.0
5, 3, 19, 19,1.0
5, 5, 19, 19,1.0
5, 7, 19, 17,0.8947368421052632
5, 11, 19, 17,0.8947368421052632
5, 13, 19, 17,0.8947368421052632
