"460.c2"	460	1	[]	0	[0, 1, 0, 414, -13915]	[[613/3, 15625/3]]

p prime of good reduction, N = #E(F_p), isCyclic, index of E(Q) in E(F_p), order of image of E(Q) 

3, 3, True, 3, 1
{'infinity': 1, (1, 1): 3, (1, 2): 3}
 
7, 12, True, 3, 4
{'infinity': 1, (0, 1): 6, (0, 6): 6, (1, 2): 3, (1, 5): 3, (2, 1): 4, (2, 6): 4, (4, 1): 12, (4, 6): 12, (5, 3): 12, (5, 4): 12, (6, 0): 2}
 
11, 18, True, 3, 6
{'infinity': 1, (0, 0): 2, (1, 3): 3, (1, 8): 3, (2, 2): 18, (2, 9): 18, (4, 3): 9, (4, 8): 9, (5, 3): 9, (5, 8): 9, (7, 1): 6, (7, 10): 6, (8, 4): 18, (8, 7): 18, (9, 2): 9, (9, 9): 9, (10, 2): 18, (10, 9): 18}
 
13, 15, True, 3, 5
{'infinity': 1, (2, 4): 15, (2, 9): 15, (3, 5): 3, (3, 8): 3, (6, 1): 5, (6, 12): 5, (7, 3): 15, (7, 10): 15, (8, 3): 15, (8, 10): 15, (10, 3): 5, (10, 10): 5, (12, 6): 15, (12, 7): 15}
 
17, 18, True, 3, 6
{'infinity': 1, (0, 5): 18, (0, 12): 18, (1, 4): 18, (1, 13): 18, (2, 7): 6, (2, 10): 6, (5, 1): 9, (5, 16): 9, (7, 0): 2, (11, 8): 3, (11, 9): 3, (13, 2): 18, (13, 15): 18, (15, 3): 9, (15, 14): 9, (16, 6): 9, (16, 11): 9}
 
19, 18, False, 6, 3
{'infinity': 1, (2, 4): 3, (2, 15): 3, (3, 6): 6, (3, 13): 6, (4, 0): 2, (5, 3): 3, (5, 16): 3, (8, 9): 3, (8, 10): 3, (9, 8): 3, (9, 11): 3, (16, 5): 6, (16, 14): 6, (17, 4): 6, (17, 15): 6, (18, 4): 6, (18, 15): 6}
 
29, 21, True, 3, 7
{'infinity': 1, (0, 11): 21, (0, 18): 21, (2, 2): 3, (2, 27): 3, (3, 6): 7, (3, 23): 7, (4, 1): 21, (4, 28): 21, (8, 6): 21, (8, 23): 21, (10, 5): 21, (10, 24): 21, (12, 1): 21, (12, 28): 21, (15, 10): 7, (15, 19): 7, (17, 6): 21, (17, 23): 21, (23, 3): 7, (23, 26): 7}
 
31, 27, False, 9, 3
{'infinity': 1, (0, 2): 9, (0, 29): 9, (2, 10): 9, (2, 21): 9, (4, 2): 9, (4, 29): 9, (7, 15): 9, (7, 16): 9, (9, 13): 3, (9, 18): 3, (10, 6): 9, (10, 25): 9, (13, 8): 3, (13, 23): 3, (15, 7): 9, (15, 24): 9, (22, 1): 3, (22, 30): 3, (24, 6): 9, (24, 25): 9, (26, 2): 9, (26, 29): 9, (27, 6): 3, (27, 25): 3, (29, 3): 9, (29, 28): 9}
 
37, 36, True, 3, 12
{'infinity': 1, (0, 16): 36, (0, 21): 36, (5, 16): 9, (5, 21): 9, (8, 0): 2, (11, 3): 3, (11, 34): 3, (13, 7): 36, (13, 30): 36, (14, 1): 36, (14, 36): 36, (16, 13): 36, (16, 24): 36, (17, 8): 18, (17, 29): 18, (18, 10): 6, (18, 27): 6, (20, 8): 18, (20, 29): 18, (21, 2): 36, (21, 35): 36, (27, 10): 12, (27, 27): 12, (28, 10): 4, (28, 27): 4, (29, 14): 9, (29, 23): 9, (31, 16): 12, (31, 21): 12, (32, 11): 36, (32, 26): 36, (35, 4): 18, (35, 33): 18, (36, 8): 9, (36, 29): 9}
 
41, 51, True, 3, 17
{'infinity': 1, (0, 5): 51, (0, 36): 51, (1, 20): 51, (1, 21): 51, (2, 2): 51, (2, 39): 51, (3, 14): 51, (3, 27): 51, (4, 11): 17, (4, 30): 17, (5, 20): 51, (5, 21): 51, (8, 10): 51, (8, 31): 51, (9, 16): 51, (9, 25): 51, (11, 2): 51, (11, 39): 51, (12, 10): 3, (12, 31): 3, (15, 6): 51, (15, 35): 51, (18, 12): 17, (18, 29): 17, (19, 8): 17, (19, 33): 17, (20, 10): 51, (20, 31): 51, (23, 12): 17, (23, 29): 17, (25, 4): 51, (25, 37): 51, (27, 2): 17, (27, 39): 17, (28, 6): 51, (28, 35): 51, (29, 19): 51, (29, 22): 51, (30, 1): 51, (30, 40): 51, (33, 18): 17, (33, 23): 17, (34, 20): 17, (34, 21): 17, (37, 17): 51, (37, 24): 51, (38, 6): 51, (38, 35): 51, (40, 12): 17, (40, 29): 17}
 
43, 48, True, 12, 4
{'infinity': 1, (0, 19): 16, (0, 24): 16, (2, 13): 16, (2, 30): 16, (5, 1): 24, (5, 42): 24, (6, 1): 4, (6, 42): 4, (8, 11): 48, (8, 32): 48, (9, 9): 48, (9, 34): 48, (10, 21): 48, (10, 22): 48, (13, 5): 3, (13, 38): 3, (14, 14): 16, (14, 29): 16, (15, 18): 48, (15, 25): 48, (19, 15): 48, (19, 28): 48, (20, 20): 6, (20, 23): 6, (21, 3): 48, (21, 40): 48, (22, 2): 24, (22, 41): 24, (23, 2): 8, (23, 41): 8, (24, 12): 48, (24, 31): 48, (25, 0): 2, (28, 17): 16, (28, 26): 16, (29, 12): 12, (29, 31): 12, (31, 1): 24, (31, 42): 24, (32, 12): 48, (32, 31): 48, (35, 16): 24, (35, 27): 24, (38, 13): 8, (38, 30): 8, (40, 2): 12, (40, 41): 12}
 
47, 51, True, 3, 17
{'infinity': 1, (1, 15): 51, (1, 32): 51, (3, 10): 51, (3, 37): 51, (5, 14): 3, (5, 33): 3, (6, 17): 51, (6, 30): 51, (9, 16): 17, (9, 31): 17, (11, 9): 51, (11, 38): 51, (13, 15): 51, (13, 32): 51, (17, 8): 51, (17, 39): 51, (21, 4): 51, (21, 43): 51, (22, 11): 17, (22, 36): 17, (24, 9): 51, (24, 38): 51, (25, 18): 51, (25, 29): 51, (26, 22): 17, (26, 25): 17, (27, 12): 51, (27, 35): 51, (29, 3): 51, (29, 44): 51, (31, 22): 17, (31, 25): 17, (32, 15): 17, (32, 32): 17, (35, 5): 51, (35, 42): 51, (36, 22): 17, (36, 25): 17, (40, 1): 51, (40, 46): 51, (41, 23): 51, (41, 24): 51, (42, 6): 17, (42, 41): 17, (43, 19): 17, (43, 28): 17, (44, 10): 51, (44, 37): 51, (46, 10): 51, (46, 37): 51}
 
53, 60, True, 12, 5
{'infinity': 1, (0, 17): 60, (0, 36): 60, (1, 4): 60, (1, 49): 60, (2, 4): 4, (2, 49): 4, (4, 8): 6, (4, 45): 6, (6, 2): 60, (6, 51): 60, (7, 9): 30, (7, 44): 30, (8, 19): 10, (8, 34): 10, (10, 21): 20, (10, 32): 20, (14, 11): 20, (14, 42): 20, (15, 20): 3, (15, 33): 3, (16, 20): 15, (16, 33): 15, (18, 8): 60, (18, 45): 60, (20, 3): 20, (20, 50): 20, (21, 20): 5, (21, 33): 5, (26, 7): 15, (26, 46): 15, (29, 1): 12, (29, 52): 12, (30, 8): 60, (30, 45): 60, (31, 16): 15, (31, 37): 15, (32, 0): 2, (33, 16): 30, (33, 37): 30, (35, 7): 20, (35, 46): 20, (37, 1): 60, (37, 52): 60, (39, 1): 10, (39, 52): 10, (41, 16): 30, (41, 37): 30, (42, 14): 30, (42, 39): 30, (44, 7): 60, (44, 46): 60, (47, 13): 5, (47, 40): 5, (49, 4): 15, (49, 49): 15, (50, 6): 12, (50, 47): 12, (51, 26): 60, (51, 27): 60}
 
59, 60, False, 6, 10
{'infinity': 1, (0, 3): 6, (0, 56): 6, (1, 22): 5, (1, 37): 5, (3, 15): 30, (3, 44): 30, (5, 20): 30, (5, 39): 30, (8, 11): 30, (8, 48): 30, (10, 23): 10, (10, 36): 10, (12, 8): 10, (12, 51): 10, (13, 21): 10, (13, 38): 10, (15, 5): 15, (15, 54): 15, (17, 6): 30, (17, 53): 30, (20, 13): 6, (20, 46): 6, (22, 22): 30, (22, 37): 30, (25, 0): 2, (29, 4): 15, (29, 55): 15, (31, 17): 30, (31, 42): 30, (32, 12): 30, (32, 47): 30, (33, 4): 30, (33, 55): 30, (34, 18): 30, (34, 41): 30, (35, 22): 30, (35, 37): 30, (39, 0): 2, (40, 10): 3, (40, 49): 3, (41, 18): 6, (41, 41): 6, (42, 18): 5, (42, 41): 5, (48, 26): 10, (48, 33): 10, (50, 1): 10, (50, 58): 10, (51, 5): 15, (51, 54): 15, (52, 11): 30, (52, 48): 30, (53, 0): 2, (54, 9): 15, (54, 50): 15, (55, 4): 10, (55, 55): 10, (57, 11): 30, (57, 48): 30}
 
61, 60, True, 12, 5
{'infinity': 1, (6, 17): 60, (6, 44): 60, (9, 25): 60, (9, 36): 60, (10, 29): 60, (10, 32): 60, (12, 1): 20, (12, 60): 20, (19, 16): 3, (19, 45): 3, (20, 9): 20, (20, 52): 20, (22, 15): 15, (22, 46): 15, (25, 27): 6, (25, 34): 6, (26, 20): 30, (26, 41): 30, (27, 30): 60, (27, 31): 60, (28, 10): 60, (28, 51): 60, (29, 18): 10, (29, 43): 10, (31, 5): 12, (31, 56): 12, (34, 19): 30, (34, 42): 30, (36, 18): 60, (36, 43): 60, (38, 0): 2, (39, 27): 10, (39, 34): 10, (40, 13): 60, (40, 48): 60, (41, 20): 5, (41, 41): 5, (42, 5): 15, (42, 56): 15, (46, 24): 4, (46, 37): 4, (48, 5): 20, (48, 56): 20, (51, 4): 30, (51, 57): 30, (53, 25): 15, (53, 36): 15, (54, 20): 30, (54, 41): 30, (55, 14): 12, (55, 47): 12, (56, 18): 60, (56, 43): 60, (57, 27): 15, (57, 34): 15, (58, 21): 5, (58, 40): 5, (59, 25): 20, (59, 36): 20}
 
67, 78, True, 3, 26
{'infinity': 1, (0, 17): 78, (0, 50): 78, (1, 13): 26, (1, 54): 26, (3, 19): 78, (3, 48): 78, (4, 22): 39, (4, 45): 39, (6, 12): 13, (6, 55): 13, (8, 31): 78, (8, 36): 78, (9, 1): 39, (9, 66): 39, (10, 13): 39, (10, 54): 39, (11, 8): 78, (11, 59): 78, (13, 8): 78, (13, 59): 78, (14, 28): 39, (14, 39): 39, (15, 7): 13, (15, 60): 13, (16, 3): 26, (16, 64): 26, (17, 0): 2, (21, 27): 3, (21, 40): 3, (23, 14): 13, (23, 53): 13, (24, 6): 26, (24, 61): 26, (25, 25): 78, (25, 42): 78, (26, 19): 39, (26, 48): 39, (27, 11): 39, (27, 56): 39, (34, 32): 13, (34, 35): 13, (37, 19): 26, (37, 48): 26, (39, 15): 39, (39, 52): 39, (40, 21): 39, (40, 46): 39, (42, 8): 13, (42, 59): 13, (43, 32): 39, (43, 35): 39, (44, 10): 78, (44, 57): 78, (48, 14): 78, (48, 53): 78, (49, 27): 78, (49, 40): 78, (50, 33): 39, (50, 34): 39, (51, 3): 26, (51, 64): 26, (55, 13): 78, (55, 54): 78, (56, 32): 39, (56, 35): 39, (57, 26): 39, (57, 41): 39, (61, 29): 6, (61, 38): 6, (62, 14): 78, (62, 53): 78, (63, 27): 26, (63, 40): 26, (65, 23): 78, (65, 44): 78, (66, 3): 13, (66, 64): 13}
 
71, 75, True, 3, 25
{'infinity': 1, (0, 1): 75, (0, 70): 75, (2, 29): 75, (2, 42): 75, (3, 1): 75, (3, 70): 75, (5, 34): 25, (5, 37): 25, (7, 5): 75, (7, 66): 75, (9, 8): 25, (9, 63): 25, (10, 22): 25, (10, 49): 25, (11, 16): 75, (11, 55): 75, (12, 5): 75, (12, 66): 75, (13, 9): 75, (13, 62): 75, (14, 2): 75, (14, 69): 75, (16, 16): 5, (16, 55): 5, (17, 10): 75, (17, 61): 75, (18, 30): 75, (18, 41): 75, (21, 24): 25, (21, 47): 25, (22, 19): 75, (22, 52): 75, (26, 7): 25, (26, 64): 25, (28, 6): 25, (28, 65): 25, (30, 8): 75, (30, 63): 75, (31, 8): 75, (31, 63): 75, (34, 3): 25, (34, 68): 25, (35, 4): 75, (35, 67): 75, (42, 35): 5, (42, 36): 5, (43, 16): 75, (43, 55): 75, (45, 13): 25, (45, 58): 25, (50, 33): 75, (50, 38): 75, (51, 5): 15, (51, 66): 15, (52, 11): 75, (52, 60): 75, (54, 14): 75, (54, 57): 75, (55, 20): 25, (55, 51): 25, (61, 12): 15, (61, 59): 15, (62, 10): 75, (62, 61): 75, (63, 2): 3, (63, 69): 3, (64, 2): 25, (64, 69): 25, (66, 23): 15, (66, 48): 15, (67, 1): 15, (67, 70): 15, (68, 27): 75, (68, 44): 75}
 
73, 81, False, 9, 9
{'infinity': 1, (1, 15): 9, (1, 58): 9, (2, 24): 9, (2, 49): 9, (3, 24): 9, (3, 49): 9, (4, 31): 9, (4, 42): 9, (9, 29): 9, (9, 44): 9, (10, 31): 9, (10, 42): 9, (11, 11): 9, (11, 62): 9, (12, 15): 9, (12, 58): 9, (13, 29): 9, (13, 44): 9, (14, 2): 9, (14, 71): 9, (16, 28): 3, (16, 45): 3, (17, 2): 9, (17, 71): 9, (19, 21): 9, (19, 52): 9, (20, 8): 9, (20, 65): 9, (23, 28): 3, (23, 45): 3, (24, 36): 3, (24, 37): 3, (27, 3): 9, (27, 70): 9, (28, 22): 9, (28, 51): 9, (33, 28): 3, (33, 45): 3, (35, 27): 9, (35, 46): 9, (38, 5): 9, (38, 68): 9, (39, 27): 9, (39, 46): 9, (41, 2): 9, (41, 71): 9, (44, 5): 9, (44, 68): 9, (48, 3): 9, (48, 70): 9, (50, 29): 9, (50, 44): 9, (56, 22): 9, (56, 51): 9, (57, 21): 9, (57, 52): 9, (58, 31): 9, (58, 42): 9, (59, 15): 9, (59, 58): 9, (60, 8): 9, (60, 65): 9, (61, 22): 9, (61, 51): 9, (63, 5): 9, (63, 68): 9, (65, 8): 9, (65, 65): 9, (66, 11): 9, (66, 62): 9, (67, 24): 9, (67, 49): 9, (68, 11): 9, (68, 62): 9, (69, 21): 9, (69, 52): 9, (70, 3): 9, (70, 70): 9, (71, 27): 9, (71, 46): 9}
 
79, 90, False, 6, 15
{'infinity': 1, (1, 22): 30, (1, 57): 30, (5, 32): 15, (5, 47): 15, (7, 35): 6, (7, 44): 6, (9, 38): 30, (9, 41): 30, (18, 3): 30, (18, 76): 30, (19, 12): 6, (19, 67): 6, (20, 0): 2, (22, 20): 15, (22, 59): 15, (23, 18): 10, (23, 61): 10, (24, 25): 3, (24, 54): 3, (25, 19): 3, (25, 60): 3, (28, 30): 15, (28, 49): 15, (29, 4): 15, (29, 75): 15, (30, 16): 15, (30, 63): 15, (31, 21): 15, (31, 58): 15, (33, 14): 15, (33, 65): 15, (35, 35): 30, (35, 44): 30, (36, 35): 5, (36, 44): 5, (37, 10): 30, (37, 69): 30, (42, 3): 15, (42, 76): 15, (43, 9): 15, (43, 70): 15, (44, 27): 30, (44, 52): 30, (46, 8): 15, (46, 71): 15, (49, 10): 30, (49, 69): 30, (50, 8): 30, (50, 71): 30, (55, 30): 6, (55, 49): 6, (56, 1): 15, (56, 78): 15, (57, 25): 30, (57, 54): 30, (58, 31): 15, (58, 48): 15, (59, 15): 30, (59, 64): 30, (61, 8): 30, (61, 71): 30, (62, 16): 15, (62, 63): 15, (63, 36): 30, (63, 43): 30, (65, 16): 3, (65, 63): 3, (66, 20): 15, (66, 59): 15, (67, 28): 30, (67, 51): 30, (69, 20): 3, (69, 59): 3, (71, 10): 5, (71, 69): 5, (72, 6): 15, (72, 73): 15, (73, 13): 30, (73, 66): 30, (74, 30): 10, (74, 49): 10, (75, 24): 15, (75, 55): 15, (76, 25): 30, (76, 54): 30, (77, 37): 30, (77, 42): 30, (78, 7): 6, (78, 72): 6}
 
83, 96, True, 3, 32
{'infinity': 1, (0, 19): 96, (0, 64): 96, (1, 14): 48, (1, 69): 48, (6, 21): 32, (6, 62): 32, (8, 4): 96, (8, 79): 96, (9, 0): 2, (10, 17): 6, (10, 66): 6, (11, 15): 96, (11, 68): 96, (12, 35): 8, (12, 48): 8, (16, 7): 24, (16, 76): 24, (17, 20): 96, (17, 63): 96, (18, 5): 48, (18, 78): 48, (19, 3): 12, (19, 80): 12, (20, 21): 3, (20, 62): 3, (22, 10): 32, (22, 73): 32, (23, 13): 32, (23, 70): 32, (25, 22): 16, (25, 61): 16, (26, 24): 48, (26, 59): 48, (28, 24): 96, (28, 59): 96, (29, 9): 32, (29, 74): 32, (30, 29): 48, (30, 54): 48, (31, 17): 32, (31, 66): 32, (33, 2): 32, (33, 81): 32, (35, 41): 12, (35, 42): 12, (38, 38): 4, (38, 45): 4, (41, 17): 96, (41, 66): 96, (44, 11): 96, (44, 72): 96, (46, 1): 16, (46, 82): 16, (47, 40): 48, (47, 43): 48, (49, 26): 16, (49, 57): 16, (51, 40): 32, (51, 43): 32, (52, 23): 96, (52, 60): 96, (53, 41): 48, (53, 42): 48, (56, 21): 96, (56, 62): 96, (57, 2): 16, (57, 81): 16, (58, 34): 24, (58, 49): 24, (62, 32): 96, (62, 51): 96, (65, 10): 96, (65, 73): 96, (66, 30): 96, (66, 53): 96, (67, 40): 96, (67, 43): 96, (68, 31): 8, (68, 52): 8, (69, 20): 96, (69, 63): 96, (72, 18): 24, (72, 65): 24, (75, 2): 32, (75, 81): 32, (77, 41): 48, (77, 42): 48, (78, 10): 48, (78, 73): 48, (79, 20): 24, (79, 63): 24, (81, 39): 96, (81, 44): 96, (82, 14): 96, (82, 69): 96}
 
89, 90, True, 6, 15
{'infinity': 1, (2, 39): 30, (2, 50): 30, (3, 1): 45, (3, 88): 45, (5, 26): 90, (5, 63): 90, (7, 12): 15, (7, 77): 15, (9, 12): 45, (9, 77): 45, (10, 15): 45, (10, 74): 45, (12, 32): 90, (12, 57): 90, (14, 28): 90, (14, 61): 90, (15, 16): 45, (15, 73): 45, (16, 40): 9, (16, 49): 9, (17, 4): 9, (17, 85): 9, (18, 7): 90, (18, 82): 90, (24, 39): 5, (24, 50): 5, (25, 15): 90, (25, 74): 90, (27, 26): 18, (27, 63): 18, (28, 11): 90, (28, 78): 90, (31, 37): 5, (31, 52): 5, (32, 27): 90, (32, 62): 90, (33, 4): 3, (33, 85): 3, (36, 13): 90, (36, 76): 90, (37, 5): 10, (37, 84): 10, (38, 4): 9, (38, 85): 9, (40, 31): 6, (40, 58): 6, (44, 14): 45, (44, 75): 45, (50, 42): 90, (50, 47): 90, (53, 15): 18, (53, 74): 18, (56, 26): 45, (56, 63): 45, (57, 10): 30, (57, 79): 30, (61, 36): 90, (61, 53): 90, (62, 39): 30, (62, 50): 30, (63, 42): 45, (63, 47): 45, (64, 42): 30, (64, 47): 30, (66, 13): 15, (66, 76): 15, (67, 30): 15, (67, 59): 15, (69, 38): 10, (69, 51): 10, (72, 12): 45, (72, 77): 45, (75, 13): 90, (75, 76): 90, (78, 41): 15, (78, 48): 15, (79, 25): 45, (79, 64): 45, (80, 32): 45, (80, 57): 45, (81, 6): 18, (81, 83): 18, (83, 8): 45, (83, 81): 45, (85, 32): 90, (85, 57): 90, (86, 20): 45, (86, 69): 45, (88, 0): 2}
 
97, 90, False, 15, 6
{'infinity': 1, (0, 21): 15, (0, 76): 15, (1, 9): 10, (1, 88): 10, (3, 19): 30, (3, 78): 30, (4, 25): 15, (4, 72): 15, (6, 48): 15, (6, 49): 15, (8, 35): 30, (8, 62): 30, (12, 43): 15, (12, 54): 15, (15, 39): 15, (15, 58): 15, (18, 9): 6, (18, 88): 6, (20, 7): 3, (20, 90): 3, (25, 47): 6, (25, 50): 6, (26, 39): 30, (26, 58): 30, (28, 25): 30, (28, 72): 30, (31, 38): 3, (31, 59): 3, (32, 40): 5, (32, 57): 5, (34, 47): 30, (34, 50): 30, (36, 21): 15, (36, 76): 15, (37, 47): 15, (37, 50): 15, (40, 32): 30, (40, 65): 30, (44, 12): 6, (44, 85): 6, (45, 34): 30, (45, 63): 30, (47, 5): 30, (47, 92): 30, (55, 39): 30, (55, 58): 30, (56, 36): 30, (56, 61): 30, (59, 32): 6, (59, 65): 6, (60, 21): 15, (60, 76): 15, (64, 25): 10, (64, 72): 10, (66, 14): 30, (66, 83): 30, (68, 1): 30, (68, 96): 30, (69, 46): 15, (69, 51): 15, (70, 31): 30, (70, 66): 30, (76, 22): 15, (76, 75): 15, (77, 9): 15, (77, 88): 15, (79, 24): 15, (79, 73): 15, (80, 15): 30, (80, 82): 30, (81, 29): 3, (81, 68): 3, (85, 0): 2, (86, 20): 15, (86, 77): 15, (88, 23): 15, (88, 74): 15, (90, 16): 30, (90, 81): 30, (91, 28): 15, (91, 69): 15, (93, 17): 3, (93, 80): 3, (94, 32): 15, (94, 65): 15, (95, 26): 30, (95, 71): 30, (96, 30): 5, (96, 67): 5}
 
101, 108, False, 6, 18
{'infinity': 1, (0, 15): 54, (0, 86): 54, (5, 18): 9, (5, 83): 9, (7, 9): 54, (7, 92): 54, (9, 32): 54, (9, 69): 54, (11, 26): 27, (11, 75): 27, (12, 46): 18, (12, 55): 18, (13, 14): 27, (13, 87): 27, (15, 6): 54, (15, 95): 54, (18, 20): 54, (18, 81): 54, (21, 21): 54, (21, 80): 54, (23, 18): 3, (23, 83): 3, (26, 31): 6, (26, 70): 6, (27, 0): 2, (31, 49): 54, (31, 52): 54, (33, 3): 54, (33, 98): 54, (34, 25): 54, (34, 76): 54, (35, 29): 54, (35, 72): 54, (37, 20): 54, (37, 81): 54, (38, 19): 54, (38, 82): 54, (39, 42): 54, (39, 59): 54, (40, 26): 54, (40, 75): 54, (43, 10): 54, (43, 91): 54, (44, 4): 27, (44, 97): 27, (45, 20): 6, (45, 81): 6, (47, 24): 18, (47, 77): 18, (48, 28): 27, (48, 73): 27, (49, 26): 18, (49, 75): 18, (50, 37): 27, (50, 64): 27, (52, 43): 18, (52, 58): 18, (57, 8): 27, (57, 93): 27, (59, 10): 54, (59, 91): 54, (60, 12): 27, (60, 89): 27, (61, 34): 54, (61, 67): 54, (65, 37): 54, (65, 64): 54, (67, 4): 18, (67, 97): 18, (69, 28): 54, (69, 73): 54, (71, 40): 54, (71, 61): 54, (72, 18): 9, (72, 83): 9, (73, 47): 54, (73, 54): 54, (75, 29): 18, (75, 72): 18, (76, 23): 9, (76, 78): 9, (81, 0): 2, (82, 1): 54, (82, 100): 54, (83, 30): 54, (83, 71): 54, (84, 28): 18, (84, 73): 18, (86, 37): 18, (86, 64): 18, (88, 17): 18, (88, 84): 18, (89, 6): 54, (89, 95): 54, (90, 4): 54, (90, 97): 54, (91, 29): 54, (91, 72): 54, (93, 0): 2, (97, 6): 27, (97, 95): 27, (98, 50): 27, (98, 51): 27, (99, 10): 6, (99, 91): 6, (100, 35): 54, (100, 66): 54}
 
103, 108, True, 9, 12
{'infinity': 1, (0, 14): 36, (0, 89): 36, (1, 32): 108, (1, 71): 108, (3, 49): 108, (3, 54): 108, (9, 32): 108, (9, 71): 108, (12, 49): 108, (12, 54): 108, (13, 42): 54, (13, 61): 54, (15, 18): 108, (15, 85): 108, (17, 30): 54, (17, 73): 54, (18, 38): 108, (18, 65): 108, (19, 48): 27, (19, 55): 27, (21, 19): 27, (21, 84): 27, (23, 28): 36, (23, 75): 36, (24, 11): 27, (24, 92): 27, (25, 4): 54, (25, 99): 54, (26, 28): 108, (26, 75): 108, (28, 15): 12, (28, 88): 12, (31, 25): 108, (31, 78): 108, (33, 38): 3, (33, 65): 3, (35, 30): 108, (35, 73): 108, (36, 4): 36, (36, 99): 36, (38, 12): 4, (38, 91): 4, (40, 33): 27, (40, 70): 27, (41, 4): 108, (41, 99): 108, (42, 18): 54, (42, 85): 54, (44, 36): 18, (44, 67): 18, (45, 18): 36, (45, 85): 36, (46, 6): 108, (46, 97): 108, (47, 51): 36, (47, 52): 36, (50, 30): 108, (50, 73): 108, (51, 38): 108, (51, 65): 108, (52, 37): 27, (52, 66): 27, (53, 28): 54, (53, 75): 54, (54, 2): 27, (54, 101): 27, (56, 47): 108, (56, 56): 108, (57, 46): 108, (57, 57): 108, (62, 37): 108, (62, 66): 108, (64, 0): 2, (65, 47): 54, (65, 56): 54, (66, 22): 18, (66, 81): 18, (71, 3): 18, (71, 100): 18, (72, 12): 54, (72, 91): 54, (77, 41): 27, (77, 62): 27, (78, 9): 54, (78, 94): 54, (81, 44): 27, (81, 59): 27, (84, 47): 36, (84, 56): 36, (85, 27): 108, (85, 76): 108, (87, 49): 9, (87, 54): 9, (89, 35): 54, (89, 68): 54, (91, 37): 12, (91, 66): 12, (92, 32): 9, (92, 71): 9, (93, 10): 9, (93, 93): 9, (95, 12): 108, (95, 91): 108, (97, 2): 27, (97, 101): 27, (102, 20): 6, (102, 83): 6}
 
107, 126, True, 6, 21
{'infinity': 1, (0, 40): 63, (0, 67): 63, (1, 25): 126, (1, 82): 126, (2, 34): 126, (2, 73): 126, (4, 33): 63, (4, 74): 63, (5, 17): 63, (5, 90): 63, (6, 22): 126, (6, 85): 126, (7, 17): 63, (7, 90): 63, (9, 12): 126, (9, 95): 126, (10, 45): 18, (10, 62): 18, (11, 3): 14, (11, 104): 14, (13, 50): 126, (13, 57): 126, (14, 8): 126, (14, 99): 126, (16, 48): 42, (16, 59): 42, (17, 12): 126, (17, 95): 126, (18, 11): 63, (18, 96): 63, (19, 23): 63, (19, 84): 63, (20, 25): 126, (20, 82): 126, (22, 36): 21, (22, 71): 21, (23, 8): 14, (23, 99): 14, (24, 16): 21, (24, 91): 21, (26, 11): 63, (26, 96): 63, (28, 46): 9, (28, 61): 9, (29, 40): 7, (29, 67): 7, (30, 46): 63, (30, 61): 63, (32, 13): 63, (32, 94): 63, (35, 22): 63, (35, 85): 63, (36, 16): 18, (36, 91): 18, (39, 35): 126, (39, 72): 126, (40, 34): 126, (40, 73): 126, (46, 16): 126, (46, 91): 126, (47, 9): 126, (47, 98): 126, (48, 46): 63, (48, 61): 63, (50, 0): 2, (51, 26): 63, (51, 81): 63, (53, 47): 3, (53, 60): 3, (55, 10): 126, (55, 97): 126, (58, 43): 126, (58, 64): 126, (60, 49): 63, (60, 58): 63, (62, 11): 63, (62, 96): 63, (64, 34): 7, (64, 73): 7, (65, 22): 126, (65, 85): 126, (67, 1): 42, (67, 106): 42, (69, 8): 9, (69, 99): 9, (71, 20): 42, (71, 87): 42, (72, 43): 42, (72, 64): 42, (76, 32): 14, (76, 75): 14, (77, 40): 63, (77, 67): 63, (80, 12): 21, (80, 95): 21, (81, 30): 126, (81, 77): 126, (82, 2): 6, (82, 105): 6, (83, 43): 63, (83, 64): 63, (85, 25): 63, (85, 82): 63, (86, 52): 63, (86, 55): 63, (88, 41): 126, (88, 66): 126, (89, 14): 9, (89, 93): 9, (94, 17): 7, (94, 90): 7, (96, 3): 42, (96, 104): 42, (99, 27): 21, (99, 80): 21, (100, 21): 42, (100, 86): 42, (103, 18): 21, (103, 89): 21, (104, 33): 18, (104, 74): 18, (105, 33): 126, (105, 74): 126, (106, 3): 21, (106, 104): 21}
 
109, 90, False, 18, 5
{'infinity': 1, (2, 21): 15, (2, 88): 15, (3, 15): 30, (3, 94): 30, (4, 47): 10, (4, 62): 10, (6, 22): 30, (6, 87): 30, (8, 1): 15, (8, 108): 15, (9, 39): 15, (9, 70): 15, (10, 46): 15, (10, 63): 15, (11, 22): 3, (11, 87): 3, (13, 41): 30, (13, 68): 30, (16, 2): 5, (16, 107): 5, (18, 42): 6, (18, 67): 6, (19, 9): 30, (19, 100): 30, (21, 11): 15, (21, 98): 15, (22, 49): 6, (22, 60): 6, (24, 34): 15, (24, 75): 15, (29, 39): 15, (29, 70): 15, (30, 38): 30, (30, 71): 30, (34, 20): 30, (34, 89): 30, (35, 51): 3, (35, 58): 3, (36, 0): 2, (37, 48): 3, (37, 61): 3, (38, 6): 30, (38, 103): 30, (42, 54): 30, (42, 55): 30, (43, 21): 15, (43, 88): 15, (48, 32): 15, (48, 77): 15, (50, 18): 6, (50, 91): 6, (51, 36): 15, (51, 73): 15, (53, 30): 30, (53, 79): 30, (54, 31): 6, (54, 78): 6, (56, 43): 5, (56, 66): 5, (59, 45): 30, (59, 64): 30, (61, 37): 3, (61, 72): 3, (62, 8): 15, (62, 101): 15, (63, 21): 15, (63, 88): 15, (64, 33): 15, (64, 76): 15, (66, 37): 30, (66, 72): 30, (68, 25): 10, (68, 84): 10, (69, 50): 30, (69, 59): 30, (70, 39): 15, (70, 70): 15, (84, 53): 15, (84, 56): 15, (89, 17): 30, (89, 92): 30, (90, 37): 30, (90, 72): 30, (91, 22): 30, (91, 87): 30, (92, 16): 30, (92, 93): 30, (97, 5): 15, (97, 104): 15}
 
113, 102, True, 3, 34
{'infinity': 1, (0, 53): 51, (0, 60): 51, (1, 20): 3, (1, 93): 3, (4, 5): 102, (4, 108): 102, (5, 31): 51, (5, 82): 51, (6, 11): 34, (6, 102): 34, (8, 16): 17, (8, 97): 17, (9, 0): 2, (10, 34): 17, (10, 79): 17, (11, 1): 51, (11, 112): 51, (12, 48): 34, (12, 65): 34, (16, 15): 51, (16, 98): 51, (18, 22): 51, (18, 91): 51, (19, 43): 102, (19, 70): 102, (20, 36): 51, (20, 77): 51, (24, 5): 51, (24, 108): 51, (26, 33): 34, (26, 80): 34, (32, 4): 102, (32, 109): 102, (38, 27): 102, (38, 86): 102, (40, 28): 51, (40, 85): 51, (41, 18): 17, (41, 95): 17, (42, 15): 102, (42, 98): 102, (43, 43): 34, (43, 70): 34, (44, 2): 102, (44, 111): 102, (45, 32): 17, (45, 81): 17, (46, 13): 34, (46, 100): 34, (47, 48): 102, (47, 65): 102, (49, 55): 102, (49, 58): 102, (50, 43): 51, (50, 70): 51, (53, 48): 51, (53, 65): 51, (54, 15): 102, (54, 98): 102, (56, 21): 34, (56, 92): 34, (57, 6): 102, (57, 107): 102, (58, 38): 51, (58, 75): 51, (62, 50): 17, (62, 63): 17, (64, 29): 102, (64, 84): 102, (68, 13): 102, (68, 100): 102, (70, 3): 17, (70, 110): 17, (73, 24): 51, (73, 89): 51, (76, 40): 34, (76, 73): 34, (77, 47): 34, (77, 66): 34, (80, 8): 6, (80, 105): 6, (84, 5): 102, (84, 108): 102, (92, 18): 17, (92, 95): 17, (99, 51): 102, (99, 62): 102, (100, 22): 51, (100, 91): 51, (101, 41): 102, (101, 72): 102, (106, 42): 51, (106, 71): 51, (107, 22): 17, (107, 91): 17, (109, 38): 51, (109, 75): 51, (111, 13): 51, (111, 100): 51, (112, 19): 102, (112, 94): 102}
 
127, 117, True, 3, 39
{'infinity': 1, (4, 34): 117, (4, 93): 117, (6, 39): 117, (6, 88): 117, (9, 20): 117, (9, 107): 117, (10, 56): 117, (10, 71): 117, (12, 52): 117, (12, 75): 117, (17, 22): 117, (17, 105): 117, (18, 57): 13, (18, 70): 13, (20, 15): 117, (20, 112): 117, (21, 6): 117, (21, 121): 117, (26, 49): 39, (26, 78): 39, (27, 28): 117, (27, 99): 117, (33, 18): 117, (33, 109): 117, (35, 15): 9, (35, 112): 9, (38, 27): 39, (38, 100): 39, (39, 29): 117, (39, 98): 117, (41, 1): 3, (41, 126): 3, (43, 36): 9, (43, 91): 9, (46, 21): 117, (46, 106): 117, (47, 14): 39, (47, 113): 39, (51, 46): 117, (51, 81): 117, (52, 7): 117, (52, 120): 117, (53, 57): 117, (53, 70): 117, (54, 61): 39, (54, 66): 39, (55, 57): 117, (55, 70): 117, (56, 51): 13, (56, 76): 13, (59, 13): 117, (59, 114): 117, (62, 59): 39, (62, 68): 39, (69, 24): 117, (69, 103): 117, (71, 15): 117, (71, 112): 117, (72, 25): 117, (72, 102): 117, (73, 58): 117, (73, 69): 117, (75, 32): 39, (75, 95): 39, (76, 23): 39, (76, 104): 39, (78, 41): 117, (78, 86): 117, (79, 61): 39, (79, 66): 39, (82, 23): 117, (82, 104): 117, (83, 8): 39, (83, 119): 39, (84, 37): 13, (84, 90): 13, (86, 13): 117, (86, 114): 117, (88, 5): 13, (88, 122): 13, (92, 7): 117, (92, 120): 117, (95, 23): 117, (95, 104): 117, (96, 38): 13, (96, 89): 13, (97, 4): 117, (97, 123): 117, (98, 51): 117, (98, 76): 117, (99, 51): 117, (99, 76): 117, (100, 28): 117, (100, 99): 117, (104, 55): 39, (104, 72): 39, (105, 50): 117, (105, 77): 117, (107, 47): 117, (107, 80): 117, (108, 13): 39, (108, 114): 39, (109, 7): 117, (109, 120): 117, (114, 30): 117, (114, 97): 117, (115, 19): 117, (115, 108): 117, (120, 61): 13, (120, 66): 13, (122, 60): 117, (122, 67): 117, (123, 16): 39, (123, 111): 39, (126, 28): 9, (126, 99): 9}
 
131, 147, True, 21, 7
{'infinity': 1, (0, 44): 49, (0, 87): 49, (1, 16): 49, (1, 115): 49, (2, 5): 147, (2, 126): 147, (4, 2): 147, (4, 129): 147, (7, 36): 21, (7, 95): 21, (8, 45): 147, (8, 86): 147, (9, 61): 147, (9, 70): 147, (10, 44): 147, (10, 87): 147, (13, 11): 147, (13, 120): 147, (14, 42): 49, (14, 89): 49, (16, 27): 147, (16, 104): 147, (17, 40): 147, (17, 91): 147, (19, 56): 49, (19, 75): 49, (21, 17): 49, (21, 114): 49, (25, 41): 147, (25, 90): 147, (26, 6): 147, (26, 125): 147, (27, 11): 147, (27, 120): 147, (28, 34): 49, (28, 97): 49, (29, 38): 147, (29, 93): 147, (30, 27): 147, (30, 104): 147, (31, 14): 147, (31, 117): 147, (32, 47): 147, (32, 84): 147, (34, 50): 147, (34, 81): 147, (35, 2): 147, (35, 129): 147, (37, 34): 147, (37, 97): 147, (38, 10): 147, (38, 121): 147, (39, 45): 7, (39, 86): 7, (40, 16): 147, (40, 115): 147, (41, 63): 49, (41, 68): 49, (44, 30): 147, (44, 101): 147, (46, 49): 21, (46, 82): 21, (47, 15): 147, (47, 116): 147, (48, 6): 21, (48, 125): 21, (52, 12): 49, (52, 119): 49, (56, 6): 147, (56, 125): 147, (57, 61): 147, (57, 70): 147, (58, 26): 147, (58, 105): 147, (59, 48): 49, (59, 83): 49, (61, 52): 49, (61, 79): 49, (64, 61): 49, (64, 70): 49, (65, 34): 147, (65, 97): 147, (72, 43): 147, (72, 88): 147, (73, 19): 49, (73, 112): 49, (74, 19): 147, (74, 112): 147, (75, 26): 147, (75, 105): 147, (77, 21): 147, (77, 110): 147, (78, 54): 49, (78, 77): 49, (80, 51): 147, (80, 80): 147, (83, 45): 147, (83, 86): 147, (84, 27): 49, (84, 104): 49, (89, 16): 21, (89, 115): 21, (90, 11): 147, (90, 120): 147, (91, 2): 49, (91, 129): 49, (97, 4): 21, (97, 127): 21, (98, 18): 147, (98, 113): 147, (99, 49): 147, (99, 82): 147, (102, 7): 7, (102, 124): 7, (104, 10): 147, (104, 121): 147, (106, 64): 147, (106, 67): 147, (107, 57): 49, (107, 74): 49, (108, 65): 49, (108, 66): 49, (110, 50): 7, (110, 81): 7, (114, 19): 21, (114, 112): 21, (116, 49): 49, (116, 82): 49, (117, 50): 147, (117, 81): 147, (118, 40): 147, (118, 91): 147, (119, 10): 49, (119, 121): 49, (120, 44): 3, (120, 87): 3, (125, 53): 147, (125, 78): 147, (126, 40): 49, (126, 91): 49, (127, 25): 49, (127, 106): 49, (128, 26): 147, (128, 105): 147, (130, 9): 147, (130, 122): 147}
 
137, 150, True, 6, 25
{'infinity': 1, (0, 14): 25, (0, 123): 25, (1, 8): 150, (1, 129): 150, (2, 25): 150, (2, 112): 150, (4, 39): 50, (4, 98): 50, (5, 19): 30, (5, 118): 30, (7, 46): 30, (7, 91): 30, (9, 38): 15, (9, 99): 15, (10, 40): 75, (10, 97): 75, (11, 41): 5, (11, 96): 5, (12, 7): 25, (12, 130): 25, (13, 51): 25, (13, 86): 25, (20, 5): 75, (20, 132): 75, (24, 3): 25, (24, 134): 25, (25, 9): 50, (25, 128): 50, (27, 31): 15, (27, 106): 15, (28, 0): 2, (30, 52): 75, (30, 85): 75, (34, 53): 150, (34, 84): 150, (36, 13): 25, (36, 124): 25, (40, 29): 50, (40, 108): 50, (42, 31): 75, (42, 106): 75, (46, 18): 75, (46, 119): 75, (48, 38): 150, (48, 99): 150, (49, 45): 150, (49, 92): 150, (50, 5): 5, (50, 132): 5, (52, 15): 150, (52, 122): 150, (54, 41): 150, (54, 96): 150, (55, 44): 150, (55, 93): 150, (58, 14): 75, (58, 123): 75, (59, 50): 150, (59, 87): 150, (61, 28): 150, (61, 109): 150, (62, 8): 3, (62, 129): 3, (63, 35): 150, (63, 102): 150, (66, 5): 75, (66, 132): 75, (67, 31): 75, (67, 106): 75, (68, 66): 150, (68, 71): 150, (69, 30): 150, (69, 107): 150, (71, 41): 150, (71, 96): 150, (72, 54): 75, (72, 83): 75, (73, 8): 150, (73, 129): 150, (74, 23): 50, (74, 114): 50, (76, 36): 50, (76, 101): 50, (77, 68): 75, (77, 69): 75, (78, 14): 75, (78, 123): 75, (79, 38): 50, (79, 99): 50, (80, 47): 150, (80, 90): 150, (82, 56): 50, (82, 81): 50, (83, 61): 30, (83, 76): 30, (84, 55): 15, (84, 82): 15, (88, 44): 25, (88, 93): 25, (92, 55): 25, (92, 82): 25, (93, 48): 25, (93, 89): 25, (94, 15): 10, (94, 122): 10, (96, 10): 75, (96, 127): 75, (97, 55): 75, (97, 82): 75, (100, 11): 75, (100, 126): 75, (103, 13): 30, (103, 124): 30, (107, 6): 50, (107, 131): 50, (111, 53): 6, (111, 84): 6, (113, 24): 150, (113, 113): 150, (116, 9): 75, (116, 128): 75, (121, 12): 75, (121, 125): 75, (122, 17): 50, (122, 120): 50, (123, 49): 50, (123, 88): 50, (126, 7): 75, (126, 130): 75, (127, 15): 75, (127, 122): 75, (128, 53): 75, (128, 84): 75, (129, 51): 25, (129, 86): 25, (130, 44): 150, (130, 93): 150, (131, 51): 25, (131, 86): 25, (132, 9): 150, (132, 128): 150, (133, 37): 75, (133, 100): 75, (134, 13): 150, (134, 124): 150, (135, 7): 15, (135, 130): 15, (136, 59): 10, (136, 78): 10}
 
139, 117, True, 3, 39
{'infinity': 1, (0, 47): 117, (0, 92): 117, (5, 26): 117, (5, 113): 117, (6, 48): 9, (6, 91): 9, (7, 56): 117, (7, 83): 117, (8, 26): 39, (8, 113): 39, (15, 64): 117, (15, 75): 117, (20, 47): 117, (20, 92): 117, (25, 6): 9, (25, 133): 9, (26, 28): 117, (26, 111): 117, (31, 8): 117, (31, 131): 117, (33, 63): 117, (33, 76): 117, (36, 41): 117, (36, 98): 117, (37, 7): 117, (37, 132): 117, (38, 46): 117, (38, 93): 117, (43, 6): 117, (43, 133): 117, (45, 3): 3, (45, 136): 3, (50, 17): 117, (50, 122): 117, (55, 14): 39, (55, 125): 39, (59, 53): 117, (59, 86): 117, (60, 52): 117, (60, 87): 117, (61, 43): 39, (61, 96): 39, (63, 50): 39, (63, 89): 39, (69, 2): 117, (69, 137): 117, (70, 6): 117, (70, 133): 117, (72, 11): 39, (72, 128): 39, (73, 66): 13, (73, 73): 13, (75, 35): 13, (75, 104): 13, (77, 67): 117, (77, 72): 117, (82, 21): 39, (82, 118): 39, (84, 60): 39, (84, 79): 39, (85, 58): 117, (85, 81): 117, (87, 60): 117, (87, 79): 117, (91, 20): 117, (91, 119): 117, (92, 11): 9, (92, 128): 9, (93, 37): 117, (93, 102): 117, (97, 22): 117, (97, 117): 117, (98, 12): 117, (98, 127): 117, (99, 33): 39, (99, 106): 39, (101, 66): 117, (101, 73): 117, (103, 66): 117, (103, 73): 117, (104, 1): 117, (104, 138): 117, (105, 5): 117, (105, 134): 117, (106, 60): 117, (106, 79): 117, (107, 53): 117, (107, 86): 117, (109, 61): 13, (109, 78): 13, (111, 53): 13, (111, 86): 13, (112, 4): 117, (112, 135): 117, (113, 11): 117, (113, 128): 117, (117, 27): 117, (117, 112): 117, (118, 47): 39, (118, 92): 39, (120, 63): 117, (120, 76): 117, (121, 62): 13, (121, 77): 13, (124, 63): 39, (124, 76): 39, (125, 26): 117, (125, 113): 117, (126, 9): 13, (126, 130): 13, (131, 16): 39, (131, 123): 39, (132, 44): 117, (132, 95): 117, (138, 31): 39, (138, 108): 39}
 
149, 144, True, 24, 6
{'infinity': 1, (2, 22): 36, (2, 127): 36, (3, 37): 36, (3, 112): 36, (4, 28): 18, (4, 121): 18, (5, 15): 16, (5, 134): 16, (6, 61): 72, (6, 88): 72, (7, 38): 144, (7, 111): 144, (10, 50): 144, (10, 99): 144, (14, 6): 144, (14, 143): 144, (15, 31): 144, (15, 118): 144, (17, 34): 144, (17, 115): 144, (18, 17): 144, (18, 132): 144, (22, 31): 12, (22, 118): 12, (24, 17): 9, (24, 132): 9, (25, 13): 16, (25, 136): 16, (28, 0): 2, (31, 13): 16, (31, 136): 16, (32, 14): 72, (32, 135): 72, (33, 62): 72, (33, 87): 72, (35, 71): 6, (35, 78): 6, (36, 48): 144, (36, 101): 144, (45, 11): 4, (45, 138): 4, (46, 70): 144, (46, 79): 144, (47, 47): 9, (47, 102): 9, (48, 10): 3, (48, 139): 3, (49, 48): 48, (49, 101): 48, (50, 6): 24, (50, 143): 24, (51, 56): 144, (51, 93): 144, (54, 2): 24, (54, 147): 24, (56, 70): 72, (56, 79): 72, (57, 36): 36, (57, 113): 36, (60, 52): 144, (60, 97): 144, (62, 25): 144, (62, 124): 144, (63, 48): 72, (63, 101): 72, (64, 41): 72, (64, 108): 72, (65, 38): 72, (65, 111): 72, (68, 24): 48, (68, 125): 48, (69, 30): 144, (69, 119): 144, (70, 1): 18, (70, 148): 18, (71, 57): 144, (71, 92): 144, (73, 3): 36, (73, 146): 36, (75, 67): 24, (75, 82): 24, (76, 38): 48, (76, 111): 48, (77, 7): 72, (77, 142): 72, (81, 19): 9, (81, 130): 9, (82, 68): 36, (82, 81): 36, (83, 21): 144, (83, 128): 144, (84, 6): 144, (84, 143): 144, (86, 68): 144, (86, 81): 144, (92, 13): 8, (92, 136): 8, (93, 8): 48, (93, 141): 48, (96, 2): 72, (96, 147): 72, (99, 26): 48, (99, 123): 48, (102, 56): 144, (102, 93): 144, (103, 40): 144, (103, 109): 144, (104, 45): 12, (104, 104): 12, (105, 29): 144, (105, 120): 144, (106, 17): 48, (106, 132): 48, (111, 31): 144, (111, 118): 144, (112, 30): 144, (112, 119): 144, (114, 71): 8, (114, 78): 8, (115, 49): 144, (115, 100): 144, (116, 30): 72, (116, 119): 72, (120, 44): 144, (120, 105): 144, (129, 68): 144, (129, 81): 144, (130, 39): 72, (130, 110): 72, (134, 72): 48, (134, 77): 48, (137, 63): 48, (137, 86): 48, (142, 37): 18, (142, 112): 18, (144, 56): 72, (144, 93): 72, (145, 18): 16, (145, 131): 16, (147, 2): 36, (147, 147): 36, (148, 71): 24, (148, 78): 24}
 
151, 147, True, 3, 49
{'infinity': 1, (0, 66): 49, (0, 85): 49, (1, 53): 49, (1, 98): 49, (2, 45): 49, (2, 106): 49, (3, 54): 147, (3, 97): 147, (8, 40): 147, (8, 111): 147, (11, 68): 147, (11, 83): 147, (12, 18): 147, (12, 133): 147, (15, 24): 49, (15, 127): 49, (16, 9): 49, (16, 142): 49, (17, 52): 147, (17, 99): 147, (20, 54): 49, (20, 97): 49, (24, 46): 21, (24, 105): 21, (25, 1): 147, (25, 150): 147, (26, 1): 147, (26, 150): 147, (27, 59): 147, (27, 92): 147, (33, 69): 147, (33, 82): 147, (34, 46): 147, (34, 105): 147, (36, 35): 147, (36, 116): 147, (40, 12): 49, (40, 139): 49, (41, 44): 147, (41, 107): 147, (42, 72): 49, (42, 79): 49, (45, 35): 49, (45, 116): 49, (47, 52): 147, (47, 99): 147, (48, 4): 147, (48, 147): 147, (49, 51): 3, (49, 100): 3, (51, 71): 49, (51, 80): 49, (52, 23): 21, (52, 128): 21, (58, 58): 147, (58, 93): 147, (60, 34): 49, (60, 117): 49, (61, 21): 21, (61, 130): 21, (62, 68): 49, (62, 83): 49, (63, 11): 147, (63, 140): 147, (66, 40): 147, (66, 111): 147, (68, 6): 147, (68, 145): 147, (69, 35): 21, (69, 116): 21, (71, 5): 21, (71, 146): 21, (72, 8): 147, (72, 143): 147, (73, 50): 147, (73, 101): 147, (74, 53): 147, (74, 98): 147, (75, 53): 147, (75, 98): 147, (76, 40): 7, (76, 111): 7, (77, 68): 147, (77, 83): 147, (80, 14): 147, (80, 137): 147, (82, 61): 49, (82, 90): 49, (84, 39): 21, (84, 112): 21, (86, 52): 147, (86, 99): 147, (87, 70): 7, (87, 81): 7, (90, 3): 49, (90, 148): 49, (92, 46): 49, (92, 105): 49, (94, 61): 147, (94, 90): 147, (95, 3): 49, (95, 148): 49, (96, 74): 147, (96, 77): 147, (97, 14): 147, (97, 137): 147, (99, 1): 49, (99, 150): 49, (101, 23): 147, (101, 128): 147, (103, 4): 147, (103, 147): 147, (105, 41): 147, (105, 110): 147, (107, 49): 147, (107, 102): 147, (108, 10): 7, (108, 141): 7, (109, 67): 147, (109, 84): 147, (110, 25): 147, (110, 126): 147, (116, 3): 49, (116, 148): 49, (122, 19): 147, (122, 132): 147, (124, 14): 147, (124, 137): 147, (125, 61): 147, (125, 90): 147, (127, 54): 147, (127, 97): 147, (131, 42): 147, (131, 109): 147, (139, 62): 49, (139, 89): 49, (145, 22): 49, (145, 129): 49, (146, 26): 147, (146, 125): 147, (147, 38): 147, (147, 113): 147, (148, 23): 49, (148, 128): 49, (150, 4): 147, (150, 147): 147}
 
157, 162, False, 18, 9
{'infinity': 1, (0, 23): 54, (0, 134): 54, (1, 72): 6, (1, 85): 6, (2, 37): 27, (2, 120): 27, (4, 58): 18, (4, 99): 18, (7, 69): 54, (7, 88): 54, (10, 66): 54, (10, 91): 54, (12, 33): 54, (12, 124): 54, (13, 37): 3, (13, 120): 3, (16, 63): 27, (16, 94): 27, (17, 44): 27, (17, 113): 27, (28, 72): 9, (28, 85): 9, (33, 52): 27, (33, 105): 27, (34, 30): 54, (34, 127): 54, (42, 36): 27, (42, 121): 27, (44, 19): 27, (44, 138): 27, (46, 31): 18, (46, 126): 18, (47, 24): 27, (47, 133): 27, (48, 2): 3, (48, 155): 3, (49, 6): 9, (49, 151): 9, (51, 44): 3, (51, 113): 3, (52, 26): 54, (52, 131): 54, (53, 63): 9, (53, 94): 9, (54, 49): 27, (54, 108): 27, (57, 73): 9, (57, 84): 9, (59, 55): 27, (59, 102): 27, (60, 7): 54, (60, 150): 54, (62, 29): 18, (62, 128): 18, (63, 15): 54, (63, 142): 54, (64, 60): 54, (64, 97): 54, (67, 69): 9, (67, 88): 9, (69, 3): 54, (69, 154): 54, (70, 74): 27, (70, 83): 27, (74, 58): 27, (74, 99): 27, (75, 47): 9, (75, 110): 9, (76, 67): 18, (76, 90): 18, (78, 58): 54, (78, 99): 54, (80, 42): 27, (80, 115): 27, (82, 69): 54, (82, 88): 54, (83, 47): 27, (83, 110): 27, (84, 0): 2, (86, 51): 54, (86, 106): 54, (87, 63): 27, (87, 94): 27, (88, 44): 27, (88, 113): 27, (91, 53): 6, (91, 104): 6, (92, 48): 54, (92, 109): 54, (96, 46): 3, (96, 111): 3, (99, 4): 54, (99, 153): 54, (101, 4): 27, (101, 153): 27, (102, 53): 54, (102, 104): 54, (103, 67): 9, (103, 90): 9, (105, 74): 54, (105, 83): 54, (107, 55): 54, (107, 102): 54, (109, 18): 27, (109, 139): 27, (110, 70): 6, (110, 87): 6, (111, 54): 27, (111, 103): 27, (112, 40): 54, (112, 117): 54, (113, 4): 18, (113, 153): 18, (116, 56): 18, (116, 101): 18, (120, 53): 27, (120, 104): 27, (121, 32): 27, (121, 125): 27, (122, 76): 54, (122, 81): 54, (123, 30): 9, (123, 127): 9, (126, 28): 27, (126, 129): 27, (127, 72): 18, (127, 85): 18, (128, 65): 27, (128, 92): 27, (129, 41): 54, (129, 116): 54, (133, 61): 27, (133, 96): 27, (134, 67): 6, (134, 90): 6, (137, 52): 18, (137, 105): 18, (138, 74): 18, (138, 83): 18, (140, 64): 27, (140, 93): 27, (141, 37): 27, (141, 120): 27, (142, 78): 27, (142, 79): 27, (143, 52): 54, (143, 105): 54, (144, 59): 54, (144, 98): 54, (145, 10): 54, (145, 147): 54, (147, 55): 54, (147, 102): 54, (152, 20): 9, (152, 137): 9, (153, 9): 54, (153, 148): 54, (155, 47): 27, (155, 110): 27, (156, 30): 54, (156, 127): 54}
 
163, 165, True, 3, 55
{'infinity': 1, (3, 27): 165, (3, 136): 165, (4, 32): 165, (4, 131): 165, (5, 81): 15, (5, 82): 15, (7, 40): 165, (7, 123): 165, (12, 74): 165, (12, 89): 165, (15, 40): 165, (15, 123): 165, (16, 22): 165, (16, 141): 165, (17, 66): 165, (17, 97): 165, (22, 72): 15, (22, 91): 15, (24, 57): 165, (24, 106): 165, (25, 42): 165, (25, 121): 165, (27, 76): 165, (27, 87): 165, (28, 53): 165, (28, 110): 165, (32, 6): 165, (32, 157): 165, (34, 69): 33, (34, 94): 33, (36, 81): 165, (36, 82): 165, (40, 33): 165, (40, 130): 165, (45, 37): 55, (45, 126): 55, (47, 75): 165, (47, 88): 165, (48, 29): 165, (48, 134): 165, (49, 52): 55, (49, 111): 55, (50, 25): 55, (50, 138): 55, (51, 57): 165, (51, 106): 165, (52, 65): 55, (52, 98): 55, (53, 25): 3, (53, 138): 3, (55, 52): 165, (55, 111): 165, (58, 52): 165, (58, 111): 165, (59, 25): 165, (59, 138): 165, (60, 80): 165, (60, 83): 165, (62, 42): 11, (62, 121): 11, (63, 2): 165, (63, 161): 165, (64, 55): 33, (64, 108): 33, (67, 35): 165, (67, 128): 165, (68, 11): 165, (68, 152): 165, (73, 43): 55, (73, 120): 55, (74, 19): 165, (74, 144): 165, (75, 42): 165, (75, 121): 165, (76, 14): 15, (76, 149): 15, (77, 8): 165, (77, 155): 165, (79, 63): 165, (79, 100): 165, (81, 18): 55, (81, 145): 55, (87, 57): 165, (87, 106): 165, (89, 56): 15, (89, 107): 15, (92, 20): 33, (92, 143): 33, (96, 61): 55, (96, 102): 55, (102, 1): 165, (102, 162): 165, (105, 36): 33, (105, 127): 33, (106, 58): 165, (106, 105): 165, (107, 56): 165, (107, 107): 165, (109, 39): 165, (109, 124): 165, (110, 31): 165, (110, 132): 165, (111, 30): 55, (111, 133): 55, (112, 23): 55, (112, 140): 55, (114, 48): 55, (114, 115): 55, (115, 77): 55, (115, 86): 55, (116, 38): 55, (116, 125): 55, (119, 5): 33, (119, 158): 33, (120, 18): 11, (120, 145): 11, (121, 81): 33, (121, 82): 33, (122, 46): 55, (122, 117): 55, (123, 19): 33, (123, 144): 33, (124, 18): 5, (124, 145): 5, (125, 50): 55, (125, 113): 55, (126, 7): 33, (126, 156): 33, (128, 19): 5, (128, 144): 5, (129, 56): 55, (129, 107): 55, (130, 2): 165, (130, 161): 165, (132, 2): 55, (132, 161): 55, (133, 41): 11, (133, 122): 11, (134, 75): 55, (134, 88): 55, (136, 17): 11, (136, 146): 11, (139, 37): 165, (139, 126): 165, (140, 40): 11, (140, 123): 11, (141, 37): 33, (141, 126): 33, (143, 69): 165, (143, 94): 165, (144, 75): 165, (144, 88): 165, (146, 60): 165, (146, 103): 165, (147, 76): 33, (147, 87): 33, (148, 69): 55, (148, 94): 55, (151, 76): 55, (151, 87): 55, (157, 79): 165, (157, 84): 165, (162, 34): 55, (162, 129): 55}
 
167, 192, False, 6, 32
{'infinity': 1, (1, 23): 16, (1, 144): 16, (4, 43): 96, (4, 124): 96, (5, 50): 48, (5, 117): 48, (7, 49): 4, (7, 118): 4, (10, 3): 96, (10, 164): 96, (11, 21): 96, (11, 146): 96, (13, 43): 96, (13, 124): 96, (17, 50): 32, (17, 117): 32, (18, 19): 96, (18, 148): 96, (19, 13): 48, (19, 154): 48, (20, 60): 32, (20, 107): 32, (29, 38): 48, (29, 129): 48, (30, 55): 96, (30, 112): 96, (31, 46): 32, (31, 121): 32, (33, 37): 96, (33, 130): 96, (37, 73): 24, (37, 94): 24, (39, 46): 32, (39, 121): 32, (41, 66): 96, (41, 101): 96, (42, 0): 2, (44, 78): 48, (44, 89): 48, (45, 62): 16, (45, 105): 16, (47, 55): 32, (47, 112): 32, (48, 28): 48, (48, 139): 48, (49, 13): 6, (49, 154): 6, (51, 0): 2, (52, 25): 32, (52, 142): 32, (53, 27): 24, (53, 140): 24, (55, 20): 96, (55, 147): 96, (57, 49): 96, (57, 118): 96, (58, 18): 3, (58, 149): 3, (59, 10): 32, (59, 157): 32, (60, 30): 48, (60, 137): 48, (61, 15): 48, (61, 152): 48, (62, 69): 96, (62, 98): 96, (63, 73): 8, (63, 94): 8, (64, 76): 48, (64, 91): 48, (65, 51): 96, (65, 116): 96, (66, 73): 12, (66, 94): 12, (68, 63): 32, (68, 104): 32, (71, 3): 12, (71, 164): 12, (72, 47): 32, (72, 120): 32, (73, 0): 2, (75, 9): 16, (75, 158): 16, (77, 48): 96, (77, 119): 96, (80, 52): 16, (80, 115): 16, (81, 26): 96, (81, 141): 96, (83, 42): 96, (83, 125): 96, (84, 7): 16, (84, 160): 16, (85, 3): 96, (85, 164): 96, (86, 67): 24, (86, 100): 24, (89, 55): 24, (89, 112): 24, (90, 42): 48, (90, 125): 48, (93, 64): 96, (93, 103): 96, (94, 14): 96, (94, 153): 96, (96, 46): 16, (96, 121): 16, (97, 44): 96, (97, 123): 96, (98, 13): 48, (98, 154): 48, (100, 9): 48, (100, 158): 48, (102, 49): 96, (102, 118): 96, (103, 53): 8, (103, 114): 8, (105, 67): 8, (105, 100): 8, (111, 29): 32, (111, 138): 32, (112, 71): 96, (112, 96): 96, (113, 79): 96, (113, 88): 96, (116, 77): 32, (116, 90): 32, (117, 52): 48, (117, 115): 48, (118, 4): 8, (118, 163): 8, (119, 83): 24, (119, 84): 24, (120, 28): 32, (120, 139): 32, (121, 54): 96, (121, 113): 96, (122, 76): 96, (122, 91): 96, (123, 39): 48, (123, 128): 48, (127, 12): 48, (127, 155): 48, (128, 22): 32, (128, 145): 32, (132, 69): 96, (132, 98): 96, (134, 37): 96, (134, 130): 96, (135, 82): 16, (135, 85): 16, (136, 52): 24, (136, 115): 24, (137, 62): 32, (137, 105): 32, (138, 56): 12, (138, 111): 12, (139, 69): 4, (139, 98): 4, (141, 2): 48, (141, 165): 48, (142, 67): 6, (142, 100): 6, (144, 50): 96, (144, 117): 96, (147, 76): 96, (147, 91): 96, (149, 43): 48, (149, 124): 48, (150, 59): 6, (150, 108): 6, (151, 62): 32, (151, 105): 32, (156, 19): 16, (156, 148): 16, (158, 9): 12, (158, 158): 12, (159, 19): 96, (159, 148): 96, (160, 42): 96, (160, 125): 96, (161, 11): 32, (161, 156): 32, (162, 75): 96, (162, 92): 96, (164, 32): 24, (164, 135): 24, (165, 28): 96, (165, 139): 96, (166, 37): 24, (166, 130): 24}
 
173, 168, False, 6, 28
{'infinity': 1, (2, 65): 4, (2, 108): 4, (9, 84): 84, (9, 89): 84, (10, 54): 21, (10, 119): 21, (11, 7): 14, (11, 166): 14, (15, 77): 4, (15, 96): 4, (17, 48): 14, (17, 125): 14, (19, 47): 12, (19, 126): 12, (23, 80): 28, (23, 93): 28, (24, 53): 28, (24, 120): 28, (25, 70): 12, (25, 103): 12, (27, 78): 84, (27, 95): 84, (28, 80): 42, (28, 93): 42, (29, 73): 12, (29, 100): 12, (30, 52): 84, (30, 121): 84, (31, 61): 7, (31, 112): 7, (34, 73): 84, (34, 100): 84, (35, 53): 21, (35, 120): 21, (40, 16): 42, (40, 157): 42, (41, 84): 42, (41, 89): 42, (44, 58): 14, (44, 115): 14, (46, 75): 42, (46, 98): 42, (47, 63): 84, (47, 110): 84, (50, 27): 28, (50, 146): 28, (53, 42): 12, (53, 131): 12, (57, 46): 42, (57, 127): 42, (60, 75): 14, (60, 98): 14, (61, 35): 6, (61, 138): 6, (63, 52): 28, (63, 121): 28, (64, 34): 14, (64, 139): 14, (65, 72): 84, (65, 101): 84, (66, 75): 42, (66, 98): 42, (68, 21): 28, (68, 152): 28, (73, 41): 42, (73, 132): 42, (75, 5): 84, (75, 168): 84, (77, 2): 84, (77, 171): 84, (78, 9): 84, (78, 164): 84, (79, 52): 21, (79, 121): 21, (82, 85): 42, (82, 88): 42, (83, 71): 28, (83, 102): 28, (89, 15): 42, (89, 158): 42, (93, 10): 84, (93, 163): 84, (94, 74): 42, (94, 99): 42, (95, 0): 2, (96, 74): 21, (96, 99): 21, (99, 22): 14, (99, 151): 14, (100, 2): 84, (100, 171): 84, (101, 68): 42, (101, 105): 42, (102, 67): 28, (102, 106): 28, (103, 41): 84, (103, 132): 84, (107, 13): 84, (107, 160): 84, (109, 73): 7, (109, 100): 7, (110, 76): 3, (110, 97): 3, (111, 22): 42, (111, 151): 42, (113, 53): 84, (113, 120): 84, (118, 68): 6, (118, 105): 6, (119, 0): 2, (121, 80): 84, (121, 93): 84, (122, 84): 28, (122, 89): 28, (123, 83): 84, (123, 90): 84, (124, 14): 42, (124, 159): 42, (126, 68): 42, (126, 105): 42, (127, 35): 28, (127, 138): 28, (131, 0): 2, (132, 57): 14, (132, 116): 14, (134, 5): 28, (134, 168): 28, (135, 22): 21, (135, 151): 21, (136, 5): 42, (136, 168): 42, (137, 62): 84, (137, 111): 84, (138, 23): 14, (138, 150): 14, (143, 26): 84, (143, 147): 84, (144, 3): 21, (144, 170): 21, (145, 30): 28, (145, 143): 28, (148, 51): 84, (148, 122): 84, (149, 31): 42, (149, 142): 42, (151, 78): 6, (151, 95): 6, (152, 24): 42, (152, 149): 42, (155, 74): 42, (155, 99): 42, (157, 35): 84, (157, 138): 84, (162, 40): 7, (162, 133): 7, (164, 7): 84, (164, 166): 84, (165, 12): 84, (165, 161): 84, (167, 78): 84, (167, 95): 84, (168, 2): 14, (168, 171): 14, (169, 41): 28, (169, 132): 28, (170, 7): 84, (170, 166): 84}
 
179, 165, True, 15, 11
{'infinity': 1, (0, 88): 55, (0, 91): 55, (2, 23): 55, (2, 156): 55, (4, 72): 165, (4, 107): 165, (9, 65): 55, (9, 114): 55, (11, 44): 33, (11, 135): 33, (12, 62): 55, (12, 117): 55, (14, 38): 165, (14, 141): 165, (15, 38): 55, (15, 141): 55, (18, 87): 33, (18, 92): 33, (20, 59): 165, (20, 120): 165, (22, 66): 55, (22, 113): 55, (24, 24): 11, (24, 155): 11, (25, 79): 165, (25, 100): 165, (26, 85): 11, (26, 94): 11, (29, 87): 11, (29, 92): 11, (36, 49): 55, (36, 130): 55, (37, 21): 165, (37, 158): 165, (40, 15): 55, (40, 164): 55, (43, 24): 165, (43, 155): 165, (46, 89): 165, (46, 90): 165, (49, 88): 55, (49, 91): 55, (51, 44): 165, (51, 135): 165, (53, 89): 165, (53, 90): 165, (57, 35): 165, (57, 144): 165, (65, 84): 165, (65, 95): 165, (66, 31): 165, (66, 148): 165, (69, 53): 55, (69, 126): 55, (71, 5): 165, (71, 174): 165, (73, 57): 165, (73, 122): 165, (77, 40): 165, (77, 139): 165, (79, 89): 55, (79, 90): 55, (80, 28): 165, (80, 151): 165, (81, 6): 165, (81, 173): 165, (85, 33): 165, (85, 146): 165, (86, 48): 55, (86, 131): 55, (88, 71): 11, (88, 108): 11, (93, 54): 165, (93, 125): 165, (99, 81): 165, (99, 98): 165, (100, 1): 11, (100, 178): 11, (101, 32): 165, (101, 147): 165, (102, 68): 55, (102, 111): 55, (103, 70): 33, (103, 109): 33, (104, 28): 33, (104, 151): 33, (105, 64): 165, (105, 115): 165, (110, 30): 165, (110, 149): 165, (111, 24): 165, (111, 155): 165, (112, 5): 33, (112, 174): 33, (114, 45): 165, (114, 134): 165, (116, 44): 55, (116, 135): 55, (117, 55): 15, (117, 124): 15, (119, 55): 55, (119, 124): 55, (120, 64): 165, (120, 115): 165, (121, 55): 165, (121, 124): 165, (124, 83): 3, (124, 96): 3, (128, 73): 165, (128, 106): 165, (129, 88): 55, (129, 91): 55, (130, 4): 165, (130, 175): 165, (131, 87): 33, (131, 92): 33, (132, 64): 15, (132, 115): 15, (134, 84): 165, (134, 95): 165, (135, 75): 33, (135, 104): 33, (136, 50): 55, (136, 129): 55, (137, 67): 5, (137, 112): 5, (138, 58): 165, (138, 121): 165, (142, 8): 15, (142, 171): 15, (143, 74): 5, (143, 105): 5, (146, 15): 33, (146, 164): 33, (149, 38): 165, (149, 141): 165, (156, 3): 165, (156, 176): 165, (157, 69): 55, (157, 110): 55, (158, 84): 55, (158, 95): 55, (160, 19): 165, (160, 160): 165, (162, 60): 165, (162, 119): 165, (163, 12): 165, (163, 167): 165, (165, 37): 33, (165, 142): 33, (166, 79): 165, (166, 100): 165, (169, 52): 55, (169, 127): 55, (171, 15): 165, (171, 164): 165, (172, 16): 33, (172, 163): 33, (173, 28): 15, (173, 151): 15, (174, 5): 165, (174, 174): 165, (177, 17): 165, (177, 162): 165}
 
181, 180, False, 3, 60
{'infinity': 1, (2, 89): 20, (2, 92): 20, (3, 24): 15, (3, 157): 15, (4, 55): 60, (4, 126): 60, (5, 34): 60, (5, 147): 60, (6, 62): 10, (6, 119): 10, (9, 24): 60, (9, 157): 60, (10, 70): 60, (10, 111): 60, (11, 69): 60, (11, 112): 60, (12, 76): 15, (12, 105): 15, (13, 63): 15, (13, 118): 15, (14, 34): 30, (14, 147): 30, (16, 89): 12, (16, 92): 12, (17, 42): 60, (17, 139): 60, (18, 69): 12, (18, 112): 12, (21, 77): 60, (21, 104): 60, (25, 14): 60, (25, 167): 60, (31, 63): 60, (31, 118): 60, (44, 4): 6, (44, 177): 6, (45, 46): 12, (45, 135): 12, (46, 12): 60, (46, 169): 60, (47, 21): 3, (47, 160): 3, (48, 29): 60, (48, 152): 60, (51, 2): 60, (51, 179): 60, (52, 40): 6, (52, 141): 6, (54, 55): 15, (54, 126): 15, (56, 18): 12, (56, 163): 12, (57, 78): 4, (57, 103): 4, (59, 19): 3, (59, 162): 3, (61, 15): 60, (61, 166): 60, (64, 9): 60, (64, 172): 60, (65, 39): 3, (65, 142): 3, (69, 43): 3, (69, 138): 3, (70, 28): 30, (70, 153): 30, (73, 67): 60, (73, 114): 60, (74, 73): 60, (74, 108): 60, (75, 68): 30, (75, 113): 30, (76, 82): 15, (76, 99): 15, (78, 38): 6, (78, 143): 6, (79, 7): 12, (79, 174): 12, (82, 83): 60, (82, 98): 60, (83, 70): 20, (83, 111): 20, (85, 16): 30, (85, 165): 30, (86, 50): 60, (86, 131): 60, (87, 70): 30, (87, 111): 30, (89, 31): 30, (89, 150): 30, (90, 8): 60, (90, 173): 60, (93, 58): 60, (93, 123): 60, (99, 79): 5, (99, 102): 5, (101, 35): 6, (101, 146): 6, (102, 13): 30, (102, 168): 30, (105, 85): 15, (105, 96): 15, (106, 71): 20, (106, 110): 20, (107, 31): 60, (107, 150): 60, (108, 56): 60, (108, 125): 60, (109, 13): 15, (109, 168): 15, (113, 52): 30, (113, 129): 30, (114, 0): 2, (115, 71): 30, (115, 110): 30, (119, 87): 30, (119, 94): 30, (121, 39): 60, (121, 142): 60, (122, 55): 12, (122, 126): 12, (123, 75): 15, (123, 106): 15, (127, 90): 15, (127, 91): 15, (128, 60): 30, (128, 121): 30, (134, 43): 15, (134, 138): 15, (136, 63): 12, (136, 118): 12, (137, 68): 60, (137, 113): 60, (140, 71): 60, (140, 110): 60, (143, 2): 15, (143, 179): 15, (144, 47): 60, (144, 134): 60, (148, 54): 30, (148, 127): 30, (149, 68): 60, (149, 113): 60, (150, 13): 10, (150, 168): 10, (151, 69): 15, (151, 112): 15, (152, 46): 30, (152, 135): 30, (154, 29): 60, (154, 152): 60, (156, 66): 15, (156, 115): 15, (158, 43): 15, (158, 138): 15, (159, 29): 5, (159, 152): 5, (160, 80): 15, (160, 101): 15, (161, 34): 20, (161, 147): 20, (162, 89): 30, (162, 92): 30, (163, 53): 30, (163, 128): 30, (164, 46): 60, (164, 135): 60, (165, 31): 12, (165, 150): 12, (167, 2): 60, (167, 179): 60, (168, 24): 60, (168, 157): 60, (169, 23): 30, (169, 158): 30, (175, 39): 60, (175, 142): 60, (178, 36): 15, (178, 145): 15}
 
191, 210, True, 3, 70
{'infinity': 1, (2, 88): 210, (2, 103): 210, (3, 55): 21, (3, 136): 21, (4, 42): 210, (4, 149): 210, (5, 23): 7, (5, 168): 7, (6, 89): 10, (6, 102): 10, (8, 67): 14, (8, 124): 14, (13, 30): 210, (13, 161): 210, (14, 13): 35, (14, 178): 35, (15, 80): 210, (15, 111): 210, (16, 58): 21, (16, 133): 21, (18, 71): 42, (18, 120): 42, (19, 5): 21, (19, 186): 21, (23, 89): 7, (23, 102): 7, (24, 38): 30, (24, 153): 30, (25, 35): 105, (25, 156): 105, (26, 48): 210, (26, 143): 210, (27, 26): 42, (27, 165): 42, (34, 79): 210, (34, 112): 210, (35, 73): 105, (35, 118): 105, (36, 42): 15, (36, 149): 15, (37, 30): 210, (37, 161): 210, (38, 32): 105, (38, 159): 105, (42, 92): 210, (42, 99): 210, (46, 88): 15, (46, 103): 15, (48, 54): 35, (48, 137): 35, (49, 19): 105, (49, 172): 105, (50, 48): 105, (50, 143): 105, (51, 27): 105, (51, 164): 105, (55, 25): 42, (55, 166): 42, (56, 29): 21, (56, 162): 21, (58, 1): 70, (58, 190): 70, (59, 26): 210, (59, 165): 210, (62, 75): 210, (62, 116): 210, (63, 87): 105, (63, 104): 105, (66, 59): 210, (66, 132): 210, (70, 16): 210, (70, 175): 210, (71, 92): 105, (71, 99): 105, (73, 24): 105, (73, 167): 105, (74, 66): 105, (74, 125): 105, (76, 9): 210, (76, 182): 210, (77, 92): 30, (77, 99): 30, (78, 11): 21, (78, 180): 21, (79, 35): 105, (79, 156): 105, (81, 61): 210, (81, 130): 210, (83, 23): 210, (83, 168): 210, (86, 35): 5, (86, 156): 5, (87, 57): 30, (87, 134): 30, (88, 81): 35, (88, 110): 35, (95, 6): 14, (95, 185): 14, (97, 34): 42, (97, 157): 42, (101, 86): 15, (101, 105): 15, (102, 23): 210, (102, 168): 210, (103, 31): 70, (103, 160): 70, (104, 26): 35, (104, 165): 35, (106, 56): 35, (106, 135): 35, (107, 78): 105, (107, 113): 105, (110, 17): 210, (110, 174): 210, (114, 48): 70, (114, 143): 70, (115, 81): 35, (115, 110): 35, (116, 94): 42, (116, 97): 42, (117, 85): 70, (117, 106): 70, (118, 46): 35, (118, 145): 35, (119, 3): 6, (119, 188): 6, (121, 94): 105, (121, 97): 105, (122, 49): 14, (122, 142): 14, (123, 86): 210, (123, 105): 210, (125, 43): 105, (125, 148): 105, (128, 59): 210, (128, 132): 210, (129, 20): 105, (129, 171): 105, (130, 14): 42, (130, 177): 42, (131, 34): 105, (131, 157): 105, (132, 82): 10, (132, 109): 10, (133, 17): 7, (133, 174): 7, (134, 57): 105, (134, 134): 105, (136, 18): 70, (136, 173): 70, (138, 17): 210, (138, 174): 210, (139, 9): 70, (139, 182): 70, (140, 30): 35, (140, 161): 35, (141, 90): 105, (141, 101): 105, (142, 88): 70, (142, 103): 70, (144, 94): 70, (144, 97): 70, (148, 91): 35, (148, 100): 35, (149, 75): 70, (149, 116): 70, (150, 42): 210, (150, 149): 210, (152, 1): 30, (152, 190): 30, (153, 34): 70, (153, 157): 70, (155, 87): 105, (155, 104): 105, (157, 86): 210, (157, 105): 210, (158, 37): 210, (158, 154): 210, (160, 57): 210, (160, 134): 210, (161, 89): 70, (161, 102): 70, (162, 0): 2, (163, 87): 35, (163, 104): 35, (165, 21): 35, (165, 170): 35, (166, 9): 105, (166, 182): 105, (168, 32): 105, (168, 159): 105, (170, 75): 21, (170, 116): 21, (171, 1): 105, (171, 190): 105, (172, 84): 15, (172, 107): 15, (174, 50): 105, (174, 141): 105, (175, 32): 3, (175, 159): 3, (176, 72): 70, (176, 119): 70, (178, 81): 35, (178, 110): 35, (186, 36): 105, (186, 155): 105, (187, 59): 5, (187, 132): 5}
 
193, 213, True, 3, 71
{'infinity': 1, (2, 7): 213, (2, 186): 213, (3, 78): 213, (3, 115): 213, (8, 3): 213, (8, 190): 213, (11, 2): 213, (11, 191): 213, (13, 3): 71, (13, 190): 71, (14, 15): 71, (14, 178): 71, (17, 86): 213, (17, 107): 213, (20, 16): 213, (20, 177): 213, (21, 87): 71, (21, 106): 71, (23, 2): 71, (23, 191): 71, (24, 81): 213, (24, 112): 213, (27, 43): 71, (27, 150): 71, (29, 57): 213, (29, 136): 213, (30, 93): 213, (30, 100): 213, (35, 51): 213, (35, 142): 213, (36, 43): 71, (36, 150): 71, (37, 93): 213, (37, 100): 213, (41, 30): 71, (41, 163): 71, (42, 52): 71, (42, 141): 71, (43, 55): 71, (43, 138): 71, (45, 20): 71, (45, 173): 71, (46, 19): 71, (46, 174): 71, (47, 54): 213, (47, 139): 213, (49, 44): 213, (49, 149): 213, (50, 27): 213, (50, 166): 213, (52, 81): 213, (52, 112): 213, (54, 77): 71, (54, 116): 71, (57, 53): 213, (57, 140): 213, (60, 58): 71, (60, 135): 71, (62, 55): 213, (62, 138): 213, (63, 6): 3, (63, 187): 3, (64, 69): 71, (64, 124): 71, (66, 30): 213, (66, 163): 213, (67, 25): 213, (67, 168): 213, (68, 91): 71, (68, 102): 71, (71, 94): 71, (71, 99): 71, (77, 56): 213, (77, 137): 213, (78, 84): 71, (78, 109): 71, (79, 32): 213, (79, 161): 213, (80, 10): 213, (80, 183): 213, (84, 60): 71, (84, 133): 71, (85, 30): 213, (85, 163): 213, (86, 16): 213, (86, 177): 213, (87, 55): 213, (87, 138): 213, (90, 5): 213, (90, 188): 213, (91, 78): 213, (91, 115): 213, (93, 72): 213, (93, 121): 213, (98, 78): 213, (98, 115): 213, (99, 26): 71, (99, 167): 71, (100, 66): 213, (100, 127): 213, (102, 37): 71, (102, 156): 71, (103, 73): 71, (103, 120): 71, (106, 63): 213, (106, 130): 213, (107, 71): 213, (107, 122): 213, (108, 52): 71, (108, 141): 71, (110, 76): 213, (110, 117): 213, (111, 14): 71, (111, 179): 71, (112, 63): 71, (112, 130): 71, (115, 40): 213, (115, 153): 213, (116, 81): 71, (116, 112): 71, (118, 21): 213, (118, 172): 213, (120, 40): 213, (120, 153): 213, (121, 70): 71, (121, 123): 71, (122, 67): 213, (122, 126): 213, (124, 49): 213, (124, 144): 213, (125, 93): 71, (125, 100): 71, (126, 4): 213, (126, 189): 213, (127, 61): 213, (127, 132): 213, (128, 85): 213, (128, 108): 213, (129, 43): 71, (129, 150): 71, (130, 12): 213, (130, 181): 213, (131, 46): 213, (131, 147): 213, (133, 18): 71, (133, 175): 71, (134, 25): 213, (134, 168): 213, (136, 62): 213, (136, 131): 213, (142, 69): 213, (142, 124): 213, (144, 60): 213, (144, 133): 213, (145, 72): 213, (145, 121): 213, (147, 72): 71, (147, 121): 71, (148, 36): 213, (148, 157): 213, (150, 40): 71, (150, 153): 71, (151, 20): 213, (151, 173): 213, (152, 84): 213, (152, 109): 213, (153, 94): 213, (153, 99): 213, (155, 84): 213, (155, 109): 213, (157, 60): 213, (157, 133): 213, (158, 2): 213, (158, 191): 213, (160, 53): 71, (160, 140): 71, (161, 94): 213, (161, 99): 213, (165, 80): 213, (165, 113): 213, (166, 27): 213, (166, 166): 213, (167, 63): 213, (167, 130): 213, (168, 53): 213, (168, 140): 213, (169, 27): 71, (169, 166): 71, (171, 3): 213, (171, 190): 213, (174, 51): 213, (174, 142): 213, (175, 96): 71, (175, 97): 71, (176, 51): 71, (176, 142): 71, (179, 69): 213, (179, 124): 213, (180, 22): 213, (180, 171): 213, (181, 50): 213, (181, 143): 213, (182, 59): 213, (182, 134): 213, (184, 25): 213, (184, 168): 213, (185, 9): 213, (185, 184): 213, (189, 20): 213, (189, 173): 213, (190, 74): 213, (190, 119): 213}
 
197, 177, True, 3, 59
{'infinity': 1, (3, 94): 177, (3, 103): 177, (10, 92): 177, (10, 105): 177, (11, 94): 177, (11, 103): 177, (13, 48): 177, (13, 149): 177, (16, 4): 59, (16, 193): 59, (20, 91): 177, (20, 106): 177, (23, 63): 59, (23, 134): 59, (27, 39): 59, (27, 158): 59, (30, 91): 177, (30, 106): 177, (31, 11): 177, (31, 186): 177, (32, 63): 177, (32, 134): 177, (34, 32): 177, (34, 165): 177, (36, 26): 3, (36, 171): 3, (40, 87): 59, (40, 110): 59, (46, 34): 177, (46, 163): 177, (48, 72): 177, (48, 125): 177, (49, 12): 177, (49, 185): 177, (52, 90): 177, (52, 107): 177, (53, 52): 177, (53, 145): 177, (56, 87): 177, (56, 110): 177, (63, 6): 177, (63, 191): 177, (65, 65): 177, (65, 132): 177, (67, 59): 177, (67, 138): 177, (69, 77): 177, (69, 120): 177, (71, 83): 177, (71, 114): 177, (73, 41): 177, (73, 156): 177, (75, 20): 177, (75, 177): 177, (79, 54): 177, (79, 143): 177, (82, 18): 177, (82, 179): 177, (87, 60): 59, (87, 137): 59, (88, 13): 177, (88, 184): 177, (89, 82): 177, (89, 115): 177, (90, 5): 59, (90, 192): 59, (91, 70): 59, (91, 127): 59, (93, 46): 59, (93, 151): 59, (94, 24): 177, (94, 173): 177, (95, 28): 177, (95, 169): 177, (97, 19): 177, (97, 178): 177, (98, 50): 59, (98, 147): 59, (99, 86): 177, (99, 111): 177, (100, 87): 177, (100, 110): 177, (101, 55): 59, (101, 142): 59, (103, 62): 59, (103, 135): 59, (104, 74): 177, (104, 123): 177, (105, 53): 59, (105, 144): 59, (109, 57): 59, (109, 140): 59, (110, 16): 177, (110, 181): 177, (111, 17): 59, (111, 180): 59, (113, 1): 177, (113, 196): 177, (120, 35): 177, (120, 162): 177, (123, 85): 59, (123, 112): 59, (124, 16): 59, (124, 181): 59, (128, 83): 59, (128, 114): 59, (129, 19): 177, (129, 178): 177, (133, 28): 177, (133, 169): 177, (135, 74): 177, (135, 123): 177, (136, 70): 177, (136, 127): 177, (138, 62): 59, (138, 135): 59, (140, 1): 177, (140, 196): 177, (141, 63): 177, (141, 134): 177, (146, 91): 59, (146, 106): 59, (150, 67): 177, (150, 130): 177, (152, 62): 59, (152, 135): 59, (153, 76): 59, (153, 121): 59, (154, 74): 59, (154, 123): 59, (156, 78): 59, (156, 119): 59, (157, 75): 177, (157, 122): 177, (159, 16): 177, (159, 181): 177, (161, 22): 177, (161, 175): 177, (163, 29): 59, (163, 168): 59, (164, 40): 177, (164, 157): 177, (165, 28): 59, (165, 169): 59, (166, 70): 177, (166, 127): 177, (167, 19): 177, (167, 178): 177, (168, 61): 177, (168, 136): 177, (170, 9): 177, (170, 188): 177, (172, 23): 59, (172, 174): 59, (173, 79): 177, (173, 118): 177, (174, 42): 177, (174, 155): 177, (179, 36): 59, (179, 161): 59, (180, 69): 59, (180, 128): 59, (181, 7): 177, (181, 190): 177, (182, 94): 59, (182, 103): 59, (184, 98): 177, (184, 99): 177, (187, 96): 177, (187, 101): 177, (189, 45): 177, (189, 152): 177, (194, 83): 177, (194, 114): 177, (195, 15): 177, (195, 182): 177}
 
199, 186, True, 3, 62
{'infinity': 1, (1, 86): 93, (1, 113): 93, (5, 65): 62, (5, 134): 62, (7, 11): 31, (7, 188): 31, (8, 91): 93, (8, 108): 93, (10, 9): 186, (10, 190): 186, (11, 38): 186, (11, 161): 186, (12, 41): 93, (12, 158): 93, (13, 20): 93, (13, 179): 93, (16, 65): 93, (16, 134): 93, (17, 64): 93, (17, 135): 93, (18, 84): 62, (18, 115): 62, (20, 24): 186, (20, 175): 186, (21, 74): 93, (21, 125): 93, (23, 12): 31, (23, 187): 31, (28, 48): 62, (28, 151): 62, (31, 47): 93, (31, 152): 93, (32, 84): 93, (32, 115): 93, (33, 82): 186, (33, 117): 186, (34, 5): 186, (34, 194): 186, (38, 5): 62, (38, 194): 62, (39, 28): 186, (39, 171): 186, (40, 28): 93, (40, 171): 93, (41, 35): 93, (41, 164): 93, (42, 83): 31, (42, 116): 31, (44, 94): 186, (44, 105): 186, (46, 92): 62, (46, 107): 62, (48, 99): 186, (48, 100): 186, (49, 97): 31, (49, 102): 31, (53, 48): 93, (53, 151): 93, (56, 31): 62, (56, 168): 62, (61, 16): 62, (61, 183): 62, (62, 1): 93, (62, 198): 93, (65, 67): 3, (65, 132): 3, (70, 63): 62, (70, 136): 62, (71, 27): 186, (71, 172): 186, (72, 92): 93, (72, 107): 93, (73, 64): 93, (73, 135): 93, (80, 92): 186, (80, 107): 186, (81, 53): 93, (81, 146): 93, (84, 61): 186, (84, 138): 186, (87, 86): 62, (87, 113): 62, (90, 71): 31, (90, 128): 31, (91, 77): 93, (91, 122): 93, (92, 20): 62, (92, 179): 62, (93, 20): 186, (93, 179): 186, (97, 17): 186, (97, 182): 186, (99, 80): 6, (99, 119): 6, (100, 59): 186, (100, 140): 186, (101, 13): 186, (101, 186): 186, (102, 98): 93, (102, 101): 93, (103, 56): 186, (103, 143): 186, (105, 15): 186, (105, 184): 186, (106, 49): 31, (106, 150): 31, (108, 64): 31, (108, 135): 31, (109, 29): 93, (109, 170): 93, (110, 86): 186, (110, 113): 186, (111, 22): 31, (111, 177): 31, (113, 49): 31, (113, 150): 31, (114, 59): 186, (114, 140): 186, (117, 48): 186, (117, 151): 186, (119, 28): 62, (119, 171): 62, (120, 10): 93, (120, 189): 93, (123, 4): 93, (123, 195): 93, (126, 5): 93, (126, 194): 93, (129, 17): 93, (129, 182): 93, (130, 54): 186, (130, 145): 186, (137, 73): 186, (137, 126): 186, (138, 98): 93, (138, 101): 93, (139, 88): 93, (139, 111): 93, (142, 55): 186, (142, 144): 186, (146, 89): 62, (146, 110): 62, (148, 84): 186, (148, 115): 186, (150, 0): 2, (157, 98): 31, (157, 101): 31, (158, 66): 31, (158, 133): 31, (159, 43): 93, (159, 156): 93, (165, 39): 186, (165, 160): 186, (166, 85): 93, (166, 114): 93, (167, 14): 62, (167, 185): 62, (171, 17): 186, (171, 182): 186, (172, 23): 186, (172, 176): 186, (175, 78): 31, (175, 121): 31, (177, 65): 186, (177, 134): 186, (178, 49): 31, (178, 150): 31, (180, 24): 62, (180, 175): 62, (182, 33): 93, (182, 166): 93, (183, 59): 93, (183, 140): 93, (184, 40): 62, (184, 159): 62, (185, 32): 31, (185, 167): 31, (191, 6): 186, (191, 193): 186, (192, 87): 186, (192, 112): 186, (195, 36): 31, (195, 163): 31, (197, 24): 93, (197, 175): 93}
 
211, 192, False, 6, 32
{'infinity': 1, (0, 86): 96, (0, 125): 96, (1, 65): 8, (1, 146): 8, (4, 103): 24, (4, 108): 24, (5, 11): 96, (5, 200): 96, (6, 2): 96, (6, 209): 96, (7, 66): 96, (7, 145): 96, (8, 34): 4, (8, 177): 4, (11, 98): 96, (11, 113): 96, (12, 47): 96, (12, 164): 96, (13, 95): 24, (13, 116): 24, (14, 27): 96, (14, 184): 96, (17, 60): 96, (17, 151): 96, (24, 90): 96, (24, 121): 96, (25, 5): 96, (25, 206): 96, (26, 72): 16, (26, 139): 16, (30, 36): 96, (30, 175): 96, (32, 93): 96, (32, 118): 96, (33, 103): 96, (33, 108): 96, (34, 98): 24, (34, 113): 24, (35, 24): 8, (35, 187): 8, (39, 68): 96, (39, 143): 96, (44, 67): 12, (44, 144): 12, (45, 52): 16, (45, 159): 16, (46, 66): 96, (46, 145): 96, (54, 77): 48, (54, 134): 48, (55, 63): 32, (55, 148): 32, (56, 81): 32, (56, 130): 32, (58, 59): 48, (58, 152): 48, (60, 18): 96, (60, 193): 96, (61, 92): 48, (61, 119): 48, (67, 26): 96, (67, 185): 96, (69, 68): 3, (69, 143): 3, (70, 16): 32, (70, 195): 32, (73, 70): 48, (73, 141): 48, (75, 67): 96, (75, 144): 96, (76, 0): 2, (77, 20): 8, (77, 191): 8, (78, 93): 96, (78, 118): 96, (79, 53): 32, (79, 158): 32, (80, 71): 24, (80, 140): 24, (82, 14): 24, (82, 197): 24, (84, 80): 32, (84, 131): 32, (86, 51): 96, (86, 160): 96, (88, 36): 32, (88, 175): 32, (89, 8): 16, (89, 203): 16, (90, 1): 48, (90, 210): 48, (91, 67): 96, (91, 144): 96, (92, 36): 48, (92, 175): 48, (93, 61): 96, (93, 150): 96, (98, 34): 96, (98, 177): 96, (100, 93): 24, (100, 118): 24, (102, 68): 32, (102, 143): 32, (104, 34): 96, (104, 177): 96, (109, 35): 96, (109, 176): 96, (112, 12): 6, (112, 199): 6, (113, 75): 48, (113, 136): 48, (115, 102): 32, (115, 109): 32, (117, 4): 96, (117, 207): 96, (118, 99): 32, (118, 112): 32, (121, 94): 48, (121, 117): 48, (130, 89): 8, (130, 122): 8, (131, 94): 6, (131, 117): 6, (135, 32): 48, (135, 179): 48, (138, 100): 48, (138, 111): 48, (140, 76): 48, (140, 135): 48, (141, 55): 12, (141, 156): 12, (143, 101): 96, (143, 110): 96, (144, 99): 32, (144, 112): 32, (145, 75): 48, (145, 136): 48, (146, 0): 2, (150, 104): 32, (150, 107): 32, (154, 48): 16, (154, 163): 16, (156, 41): 48, (156, 170): 48, (157, 66): 16, (157, 145): 16, (159, 99): 16, (159, 112): 16, (160, 61): 48, (160, 150): 48, (161, 49): 96, (161, 162): 96, (162, 19): 96, (162, 192): 96, (163, 75): 12, (163, 136): 12, (164, 105): 96, (164, 106): 96, (165, 98): 32, (165, 113): 32, (168, 61): 32, (168, 150): 32, (169, 94): 16, (169, 117): 16, (171, 78): 24, (171, 133): 24, (173, 103): 32, (173, 108): 32, (175, 84): 6, (175, 127): 6, (176, 29): 12, (176, 182): 12, (179, 54): 4, (179, 157): 4, (180, 97): 96, (180, 114): 96, (184, 91): 32, (184, 120): 32, (185, 58): 24, (185, 153): 24, (187, 44): 96, (187, 167): 96, (189, 28): 16, (189, 183): 16, (197, 23): 48, (197, 188): 48, (199, 0): 2, (203, 7): 32, (203, 204): 32, (210, 21): 48, (210, 190): 48}
 
223, 240, False, 12, 20
{'infinity': 1, (2, 64): 120, (2, 159): 120, (3, 48): 120, (3, 175): 120, (4, 106): 5, (4, 117): 5, (5, 74): 30, (5, 149): 30, (8, 30): 60, (8, 193): 60, (9, 87): 10, (9, 136): 10, (11, 66): 120, (11, 157): 120, (15, 32): 20, (15, 191): 20, (16, 39): 24, (16, 184): 24, (17, 46): 120, (17, 177): 120, (18, 94): 20, (18, 129): 20, (19, 111): 30, (19, 112): 30, (20, 85): 60, (20, 138): 60, (22, 9): 10, (22, 214): 10, (25, 33): 120, (25, 190): 120, (27, 110): 12, (27, 113): 12, (28, 41): 60, (28, 182): 60, (32, 11): 40, (32, 212): 40, (33, 76): 30, (33, 147): 30, (37, 103): 30, (37, 120): 30, (38, 61): 120, (38, 162): 120, (40, 26): 4, (40, 197): 4, (46, 70): 20, (46, 153): 20, (48, 70): 60, (48, 153): 60, (49, 42): 40, (49, 181): 40, (50, 40): 10, (50, 183): 10, (51, 20): 24, (51, 203): 24, (52, 20): 6, (52, 203): 6, (55, 69): 30, (55, 154): 30, (56, 60): 60, (56, 163): 60, (57, 18): 120, (57, 205): 120, (58, 108): 15, (58, 115): 15, (59, 88): 30, (59, 135): 30, (60, 101): 120, (60, 122): 120, (61, 106): 40, (61, 117): 40, (63, 12): 12, (63, 211): 12, (66, 33): 30, (66, 190): 30, (68, 77): 60, (68, 146): 60, (69, 34): 120, (69, 189): 120, (70, 12): 120, (70, 211): 120, (71, 0): 2, (73, 35): 3, (73, 188): 3, (74, 61): 40, (74, 162): 40, (75, 14): 120, (75, 209): 120, (77, 23): 120, (77, 200): 120, (78, 88): 40, (78, 135): 40, (80, 93): 120, (80, 130): 120, (81, 11): 120, (81, 212): 120, (82, 46): 120, (82, 177): 120, (85, 88): 120, (85, 135): 120, (87, 79): 24, (87, 144): 24, (89, 12): 120, (89, 211): 120, (90, 98): 20, (90, 125): 20, (94, 96): 40, (94, 127): 40, (95, 22): 20, (95, 201): 20, (100, 85): 30, (100, 138): 30, (101, 30): 24, (101, 193): 24, (102, 85): 4, (102, 138): 4, (103, 28): 120, (103, 195): 120, (106, 102): 10, (106, 121): 10, (108, 107): 120, (108, 116): 120, (109, 11): 60, (109, 212): 60, (110, 61): 60, (110, 162): 60, (111, 63): 60, (111, 160): 60, (112, 47): 120, (112, 176): 120, (113, 30): 40, (113, 193): 40, (115, 95): 40, (115, 128): 40, (119, 20): 24, (119, 203): 24, (121, 5): 15, (121, 218): 15, (122, 102): 30, (122, 121): 30, (123, 46): 60, (123, 177): 60, (124, 84): 40, (124, 139): 40, (125, 37): 60, (125, 186): 60, (126, 15): 60, (126, 208): 60, (127, 109): 40, (127, 114): 40, (128, 70): 30, (128, 153): 30, (131, 33): 40, (131, 190): 40, (134, 53): 15, (134, 170): 15, (141, 2): 8, (141, 221): 8, (142, 104): 60, (142, 119): 60, (144, 79): 120, (144, 144): 120, (145, 3): 24, (145, 220): 24, (146, 1): 12, (146, 222): 12, (147, 47): 40, (147, 176): 40, (148, 29): 120, (148, 194): 120, (150, 104): 120, (150, 119): 120, (151, 81): 120, (151, 142): 120, (153, 104): 120, (153, 119): 120, (155, 58): 40, (155, 165): 40, (157, 106): 40, (157, 117): 40, (158, 23): 8, (158, 200): 8, (159, 19): 60, (159, 204): 60, (160, 82): 8, (160, 141): 8, (161, 0): 2, (163, 101): 24, (163, 122): 24, (165, 98): 10, (165, 125): 10, (167, 34): 10, (167, 189): 10, (169, 31): 5, (169, 192): 5, (170, 97): 24, (170, 126): 24, (172, 68): 8, (172, 155): 8, (173, 10): 6, (173, 213): 6, (175, 83): 120, (175, 140): 120, (179, 71): 40, (179, 152): 40, (181, 108): 120, (181, 115): 120, (183, 89): 120, (183, 134): 120, (186, 47): 12, (186, 176): 12, (190, 98): 20, (190, 125): 20, (191, 100): 15, (191, 123): 15, (192, 49): 20, (192, 174): 20, (194, 86): 120, (194, 137): 120, (202, 56): 60, (202, 167): 60, (206, 108): 120, (206, 115): 120, (209, 34): 120, (209, 189): 120, (210, 23): 60, (210, 200): 60, (211, 7): 120, (211, 216): 120, (213, 0): 2, (214, 79): 20, (214, 144): 20, (216, 8): 40, (216, 215): 40, (217, 102): 6, (217, 121): 6, (220, 99): 30, (220, 124): 30, (222, 101): 30, (222, 122): 30}
 
227, 252, True, 9, 28
{'infinity': 1, (0, 39): 21, (0, 188): 21, (1, 11): 42, (1, 216): 42, (3, 23): 3, (3, 204): 3, (4, 83): 28, (4, 144): 28, (5, 91): 252, (5, 136): 252, (6, 25): 252, (6, 202): 252, (7, 80): 63, (7, 147): 63, (8, 85): 84, (8, 142): 84, (9, 90): 252, (9, 137): 252, (11, 6): 42, (11, 221): 42, (12, 102): 252, (12, 125): 252, (13, 102): 252, (13, 125): 252, (16, 100): 7, (16, 127): 7, (17, 82): 252, (17, 145): 252, (18, 104): 252, (18, 123): 252, (19, 6): 252, (19, 221): 252, (22, 14): 12, (22, 213): 12, (23, 49): 28, (23, 178): 28, (27, 14): 252, (27, 213): 252, (28, 94): 36, (28, 133): 36, (29, 103): 126, (29, 124): 126, (30, 46): 9, (30, 181): 9, (31, 36): 42, (31, 191): 42, (32, 94): 63, (32, 133): 63, (36, 96): 63, (36, 131): 63, (38, 34): 126, (38, 193): 126, (39, 54): 252, (39, 173): 252, (41, 106): 126, (41, 121): 126, (42, 97): 63, (42, 130): 63, (44, 103): 21, (44, 124): 21, (45, 74): 7, (45, 153): 7, (46, 36): 18, (46, 191): 18, (48, 86): 63, (48, 141): 63, (49, 45): 126, (49, 182): 126, (51, 24): 9, (51, 203): 9, (53, 86): 84, (53, 141): 84, (54, 29): 63, (54, 198): 63, (56, 92): 63, (56, 135): 63, (57, 33): 14, (57, 194): 14, (59, 61): 63, (59, 166): 63, (60, 44): 36, (60, 183): 36, (61, 112): 4, (61, 115): 4, (62, 65): 252, (62, 162): 252, (63, 65): 36, (63, 162): 36, (64, 92): 42, (64, 135): 42, (66, 20): 126, (66, 207): 126, (68, 113): 63, (68, 114): 63, (70, 30): 21, (70, 197): 21, (72, 88): 252, (72, 139): 252, (73, 64): 252, (73, 163): 252, (74, 52): 12, (74, 175): 12, (75, 13): 126, (75, 214): 126, (76, 105): 126, (76, 122): 126, (79, 113): 126, (79, 114): 126, (80, 110): 21, (80, 117): 21, (81, 91): 252, (81, 136): 252, (83, 98): 18, (83, 129): 18, (84, 50): 252, (84, 177): 252, (90, 26): 252, (90, 201): 252, (92, 77): 252, (92, 150): 252, (93, 72): 84, (93, 155): 84, (95, 39): 84, (95, 188): 84, (101, 65): 14, (101, 162): 14, (102, 63): 252, (102, 164): 252, (104, 68): 84, (104, 159): 84, (105, 107): 84, (105, 120): 84, (106, 92): 126, (106, 135): 126, (108, 76): 63, (108, 151): 63, (112, 59): 252, (112, 168): 252, (115, 70): 28, (115, 157): 28, (116, 47): 84, (116, 180): 84, (118, 17): 252, (118, 210): 252, (120, 55): 84, (120, 172): 84, (121, 5): 252, (121, 222): 252, (122, 93): 126, (122, 134): 126, (123, 55): 252, (123, 172): 252, (125, 86): 252, (125, 141): 252, (131, 39): 28, (131, 188): 28, (132, 7): 252, (132, 220): 252, (140, 91): 21, (140, 136): 21, (141, 18): 28, (141, 209): 28, (142, 5): 126, (142, 222): 126, (145, 72): 36, (145, 155): 36, (147, 63): 252, (147, 164): 252, (149, 36): 63, (149, 191): 63, (152, 7): 9, (152, 220): 9, (153, 103): 126, (153, 124): 126, (154, 98): 252, (154, 129): 252, (160, 59): 252, (160, 168): 252, (161, 2): 252, (161, 225): 252, (162, 30): 6, (162, 197): 6, (164, 95): 84, (164, 132): 84, (166, 94): 252, (166, 133): 252, (167, 19): 252, (167, 208): 252, (169, 7): 28, (169, 220): 28, (171, 13): 252, (171, 214): 252, (174, 105): 42, (174, 122): 42, (175, 9): 252, (175, 218): 252, (176, 75): 21, (176, 152): 21, (177, 14): 126, (177, 213): 126, (178, 12): 252, (178, 215): 252, (179, 77): 63, (179, 150): 63, (180, 87): 126, (180, 140): 126, (181, 59): 126, (181, 168): 126, (182, 77): 36, (182, 150): 36, (185, 79): 84, (185, 148): 84, (187, 60): 84, (187, 167): 84, (189, 37): 18, (189, 190): 18, (190, 5): 36, (190, 222): 36, (194, 0): 2, (195, 106): 63, (195, 121): 63, (196, 6): 252, (196, 221): 252, (199, 108): 252, (199, 119): 252, (201, 102): 7, (201, 125): 7, (203, 105): 63, (203, 122): 63, (204, 63): 126, (204, 164): 126, (205, 78): 126, (205, 149): 126, (207, 13): 84, (207, 214): 84, (210, 55): 63, (210, 172): 63, (213, 21): 63, (213, 206): 63, (215, 72): 63, (215, 155): 63, (216, 98): 252, (216, 129): 252, (217, 106): 126, (217, 121): 126, (221, 30): 42, (221, 197): 42, (223, 80): 63, (223, 147): 63, (224, 48): 14, (224, 179): 14}
 
229, 222, True, 6, 37
{'infinity': 1, (1, 87): 74, (1, 142): 74, (3, 88): 222, (3, 141): 222, (4, 88): 74, (4, 141): 74, (5, 30): 222, (5, 199): 222, (6, 27): 111, (6, 202): 111, (7, 67): 222, (7, 162): 222, (8, 7): 111, (8, 222): 111, (10, 16): 111, (10, 213): 111, (13, 4): 37, (13, 225): 37, (15, 43): 111, (15, 186): 111, (18, 36): 222, (18, 193): 222, (19, 22): 111, (19, 207): 111, (20, 43): 222, (20, 186): 222, (21, 78): 111, (21, 151): 111, (27, 27): 37, (27, 202): 37, (29, 110): 222, (29, 119): 222, (30, 38): 222, (30, 191): 222, (31, 78): 222, (31, 151): 222, (32, 81): 222, (32, 148): 222, (35, 97): 74, (35, 132): 74, (37, 86): 111, (37, 143): 111, (38, 14): 222, (38, 215): 222, (40, 71): 222, (40, 158): 222, (42, 70): 222, (42, 159): 222, (43, 46): 37, (43, 183): 37, (45, 51): 37, (45, 178): 37, (50, 70): 111, (50, 159): 111, (52, 48): 222, (52, 181): 222, (53, 10): 111, (53, 219): 111, (54, 55): 37, (54, 174): 37, (56, 87): 37, (56, 142): 37, (58, 99): 111, (58, 130): 111, (59, 26): 37, (59, 203): 37, (60, 36): 74, (60, 193): 74, (61, 80): 111, (61, 149): 111, (62, 45): 222, (62, 184): 222, (63, 90): 222, (63, 139): 222, (65, 102): 111, (65, 127): 111, (66, 2): 37, (66, 227): 37, (67, 41): 37, (67, 188): 37, (69, 38): 111, (69, 191): 111, (70, 0): 2, (73, 96): 37, (73, 133): 37, (75, 72): 3, (75, 157): 3, (77, 21): 222, (77, 208): 222, (82, 75): 111, (82, 154): 111, (85, 76): 111, (85, 153): 111, (86, 101): 111, (86, 128): 111, (88, 1): 222, (88, 228): 222, (89, 68): 37, (89, 161): 37, (90, 60): 111, (90, 169): 111, (97, 6): 37, (97, 223): 37, (98, 9): 6, (98, 220): 6, (112, 85): 37, (112, 144): 37, (113, 105): 111, (113, 124): 111, (115, 53): 37, (115, 176): 37, (119, 15): 37, (119, 214): 37, (120, 74): 74, (120, 155): 74, (121, 107): 37, (121, 122): 37, (124, 28): 74, (124, 201): 74, (129, 38): 222, (129, 191): 222, (131, 107): 111, (131, 122): 111, (133, 65): 222, (133, 164): 222, (136, 70): 222, (136, 159): 222, (144, 35): 222, (144, 194): 222, (145, 92): 37, (145, 137): 37, (148, 20): 111, (148, 209): 111, (149, 20): 222, (149, 209): 222, (150, 36): 111, (150, 193): 111, (152, 103): 111, (152, 126): 111, (154, 92): 222, (154, 137): 222, (156, 93): 74, (156, 136): 74, (157, 111): 222, (157, 118): 222, (158, 92): 222, (158, 137): 222, (159, 53): 222, (159, 176): 222, (160, 20): 74, (160, 209): 74, (164, 98): 111, (164, 131): 111, (167, 59): 111, (167, 170): 111, (168, 66): 222, (168, 163): 222, (169, 79): 111, (169, 150): 111, (171, 87): 74, (171, 142): 74, (172, 29): 74, (172, 200): 74, (173, 52): 111, (173, 177): 111, (174, 49): 111, (174, 180): 111, (175, 25): 222, (175, 204): 222, (176, 78): 74, (176, 151): 74, (181, 94): 111, (181, 135): 111, (183, 53): 222, (183, 176): 222, (184, 99): 222, (184, 130): 222, (185, 91): 74, (185, 138): 74, (189, 102): 222, (189, 127): 222, (193, 43): 74, (193, 186): 74, (194, 83): 74, (194, 146): 74, (195, 27): 111, (195, 202): 111, (198, 86): 222, (198, 143): 222, (200, 37): 111, (200, 192): 111, (203, 102): 74, (203, 127): 74, (205, 107): 111, (205, 122): 111, (208, 33): 111, (208, 196): 111, (209, 77): 74, (209, 152): 74, (211, 39): 222, (211, 190): 222, (212, 23): 222, (212, 206): 222, (214, 82): 37, (214, 147): 37, (215, 99): 222, (215, 130): 222, (218, 106): 111, (218, 123): 111, (221, 88): 111, (221, 141): 111, (222, 86): 74, (222, 143): 74, (223, 67): 111, (223, 162): 111, (224, 113): 111, (224, 116): 111, (226, 54): 74, (226, 175): 74, (227, 67): 222, (227, 162): 222}
 
233, 243, True, 3, 81
{'infinity': 1, (1, 99): 243, (1, 134): 243, (3, 90): 243, (3, 143): 243, (4, 50): 243, (4, 183): 243, (8, 15): 27, (8, 218): 27, (11, 53): 27, (11, 180): 27, (12, 71): 243, (12, 162): 243, (13, 103): 243, (13, 130): 243, (15, 97): 81, (15, 136): 81, (18, 25): 243, (18, 208): 243, (20, 40): 81, (20, 193): 81, (23, 71): 81, (23, 162): 81, (24, 13): 243, (24, 220): 243, (27, 82): 243, (27, 151): 243, (28, 29): 243, (28, 204): 243, (30, 92): 243, (30, 141): 243, (38, 62): 27, (38, 171): 27, (39, 45): 81, (39, 188): 81, (41, 75): 243, (41, 158): 243, (42, 60): 81, (42, 173): 81, (44, 28): 81, (44, 205): 81, (46, 68): 243, (46, 165): 243, (47, 30): 243, (47, 203): 243, (48, 16): 243, (48, 217): 243, (49, 64): 243, (49, 169): 243, (54, 96): 243, (54, 137): 243, (58, 51): 243, (58, 182): 243, (61, 113): 243, (61, 120): 243, (65, 96): 243, (65, 137): 243, (66, 65): 9, (66, 168): 9, (67, 104): 243, (67, 129): 243, (69, 106): 81, (69, 127): 81, (70, 76): 243, (70, 157): 243, (72, 97): 243, (72, 136): 243, (73, 56): 243, (73, 177): 243, (75, 49): 243, (75, 184): 243, (76, 31): 243, (76, 202): 243, (79, 47): 243, (79, 186): 243, (80, 105): 243, (80, 128): 243, (81, 106): 81, (81, 127): 81, (82, 106): 27, (82, 127): 27, (84, 29): 81, (84, 204): 81, (86, 25): 81, (86, 208): 81, (87, 91): 243, (87, 142): 243, (89, 70): 243, (89, 163): 243, (92, 46): 81, (92, 187): 81, (94, 34): 81, (94, 199): 81, (95, 103): 243, (95, 130): 243, (97, 99): 243, (97, 134): 243, (98, 22): 243, (98, 211): 243, (100, 13): 243, (100, 220): 243, (106, 74): 81, (106, 159): 81, (108, 13): 243, (108, 220): 243, (109, 85): 243, (109, 148): 243, (110, 5): 81, (110, 228): 81, (113, 96): 9, (113, 137): 9, (115, 95): 243, (115, 138): 243, (116, 67): 243, (116, 166): 243, (119, 59): 27, (119, 174): 27, (120, 29): 243, (120, 204): 243, (122, 23): 243, (122, 210): 243, (124, 103): 243, (124, 130): 243, (127, 74): 81, (127, 159): 81, (128, 25): 243, (128, 208): 243, (130, 55): 243, (130, 178): 243, (131, 6): 243, (131, 227): 243, (134, 99): 243, (134, 134): 243, (135, 100): 243, (135, 133): 243, (136, 35): 81, (136, 198): 81, (137, 5): 81, (137, 228): 81, (141, 27): 243, (141, 206): 243, (142, 100): 81, (142, 133): 81, (144, 11): 243, (144, 222): 243, (145, 97): 243, (145, 136): 243, (148, 39): 243, (148, 194): 243, (149, 54): 243, (149, 179): 243, (150, 9): 243, (150, 224): 243, (152, 102): 243, (152, 131): 243, (156, 91): 81, (156, 142): 81, (159, 107): 243, (159, 126): 243, (160, 14): 81, (160, 219): 81, (161, 33): 27, (161, 200): 27, (168, 23): 243, (168, 210): 243, (169, 108): 27, (169, 125): 27, (170, 7): 243, (170, 226): 243, (172, 66): 243, (172, 167): 243, (173, 46): 243, (173, 187): 243, (174, 110): 243, (174, 123): 243, (175, 23): 243, (175, 210): 243, (176, 31): 3, (176, 202): 3, (177, 11): 243, (177, 222): 243, (178, 47): 243, (178, 186): 243, (179, 63): 243, (179, 170): 243, (185, 88): 243, (185, 145): 243, (187, 37): 81, (187, 196): 81, (188, 100): 243, (188, 133): 243, (190, 64): 81, (190, 169): 81, (191, 72): 243, (191, 161): 243, (192, 68): 243, (192, 165): 243, (193, 32): 243, (193, 201): 243, (194, 94): 243, (194, 139): 243, (196, 2): 243, (196, 231): 243, (197, 71): 243, (197, 162): 243, (199, 75): 243, (199, 158): 243, (200, 46): 243, (200, 187): 243, (207, 19): 243, (207, 214): 243, (208, 47): 81, (208, 186): 81, (209, 114): 9, (209, 119): 9, (211, 83): 81, (211, 150): 81, (212, 78): 243, (212, 155): 243, (213, 31): 243, (213, 202): 243, (218, 5): 81, (218, 228): 81, (219, 80): 243, (219, 153): 243, (221, 81): 243, (221, 152): 243, (222, 91): 243, (222, 142): 243, (225, 75): 243, (225, 158): 243, (226, 64): 243, (226, 169): 243, (227, 68): 81, (227, 165): 81, (228, 15): 27, (228, 218): 27, (229, 15): 27, (229, 218): 27, (230, 73): 243, (230, 160): 243, (232, 74): 81, (232, 159): 81}
 
239, 243, True, 3, 81
{'infinity': 1, (0, 80): 243, (0, 159): 243, (1, 29): 243, (1, 210): 243, (3, 35): 3, (3, 204): 3, (4, 38): 243, (4, 201): 243, (5, 4): 243, (5, 235): 243, (6, 66): 243, (6, 173): 243, (8, 49): 243, (8, 190): 243, (15, 83): 81, (15, 156): 81, (20, 61): 243, (20, 178): 243, (24, 12): 243, (24, 227): 243, (25, 58): 81, (25, 181): 81, (26, 98): 81, (26, 141): 81, (28, 24): 243, (28, 215): 243, (37, 75): 81, (37, 164): 81, (41, 7): 243, (41, 232): 243, (42, 107): 243, (42, 132): 243, (47, 100): 243, (47, 139): 243, (52, 112): 243, (52, 127): 243, (53, 104): 243, (53, 135): 243, (54, 39): 243, (54, 200): 243, (55, 34): 243, (55, 205): 243, (58, 72): 243, (58, 167): 243, (63, 43): 243, (63, 196): 243, (64, 25): 243, (64, 214): 243, (66, 47): 243, (66, 192): 243, (67, 38): 81, (67, 201): 81, (68, 102): 243, (68, 137): 243, (69, 43): 243, (69, 196): 243, (70, 101): 243, (70, 138): 243, (73, 23): 81, (73, 216): 81, (76, 52): 81, (76, 187): 81, (78, 69): 243, (78, 170): 243, (81, 89): 243, (81, 150): 243, (85, 77): 243, (85, 162): 243, (86, 2): 243, (86, 237): 243, (90, 80): 81, (90, 159): 81, (91, 58): 243, (91, 181): 243, (94, 83): 243, (94, 156): 243, (96, 78): 243, (96, 161): 243, (98, 95): 81, (98, 144): 81, (99, 5): 81, (99, 234): 81, (100, 15): 9, (100, 224): 9, (101, 73): 243, (101, 166): 243, (104, 37): 243, (104, 202): 243, (105, 24): 243, (105, 215): 243, (106, 43): 243, (106, 196): 243, (108, 36): 81, (108, 203): 81, (111, 74): 27, (111, 165): 27, (114, 33): 81, (114, 206): 81, (117, 41): 27, (117, 198): 27, (118, 27): 243, (118, 212): 243, (119, 3): 243, (119, 236): 243, (120, 31): 81, (120, 208): 81, (121, 22): 243, (121, 217): 243, (122, 58): 243, (122, 181): 243, (124, 92): 243, (124, 147): 243, (125, 53): 243, (125, 186): 243, (129, 83): 243, (129, 156): 243, (133, 21): 243, (133, 218): 243, (135, 9): 243, (135, 230): 243, (136, 87): 243, (136, 152): 243, (137, 36): 243, (137, 203): 243, (139, 73): 81, (139, 166): 81, (145, 20): 27, (145, 219): 27, (148, 80): 243, (148, 159): 243, (149, 96): 243, (149, 143): 243, (150, 71): 81, (150, 168): 81, (152, 70): 243, (152, 169): 243, (154, 17): 243, (154, 222): 243, (156, 92): 243, (156, 147): 243, (157, 90): 243, (157, 149): 243, (160, 56): 243, (160, 183): 243, (162, 22): 243, (162, 217): 243, (164, 85): 81, (164, 154): 81, (165, 99): 243, (165, 140): 243, (167, 38): 243, (167, 201): 243, (168, 68): 243, (168, 171): 243, (173, 30): 27, (173, 209): 27, (174, 108): 243, (174, 131): 243, (176, 41): 243, (176, 198): 243, (177, 117): 243, (177, 122): 243, (178, 94): 243, (178, 145): 243, (179, 89): 243, (179, 150): 243, (181, 2): 81, (181, 237): 81, (183, 44): 9, (183, 195): 9, (184, 41): 243, (184, 198): 243, (185, 57): 81, (185, 182): 81, (186, 77): 243, (186, 162): 243, (189, 25): 243, (189, 214): 243, (190, 72): 81, (190, 167): 81, (192, 54): 243, (192, 185): 243, (194, 22): 243, (194, 217): 243, (195, 47): 81, (195, 192): 81, (196, 39): 9, (196, 200): 9, (197, 92): 81, (197, 147): 81, (198, 10): 81, (198, 229): 81, (199, 88): 243, (199, 151): 243, (200, 103): 81, (200, 136): 81, (203, 110): 243, (203, 129): 243, (204, 51): 81, (204, 188): 81, (205, 8): 243, (205, 231): 243, (206, 77): 81, (206, 162): 81, (208, 81): 27, (208, 158): 27, (209, 63): 27, (209, 176): 27, (210, 2): 243, (210, 237): 243, (211, 13): 81, (211, 226): 81, (214, 109): 27, (214, 130): 27, (216, 47): 243, (216, 192): 243, (217, 89): 27, (217, 150): 27, (219, 115): 243, (219, 124): 243, (220, 65): 243, (220, 174): 243, (221, 111): 243, (221, 128): 243, (224, 25): 27, (224, 214): 27, (227, 39): 243, (227, 200): 243, (229, 72): 243, (229, 167): 243, (231, 49): 243, (231, 190): 243, (232, 36): 243, (232, 203): 243, (235, 91): 243, (235, 148): 243, (236, 11): 81, (236, 228): 81, (237, 73): 243, (237, 166): 243, (238, 49): 243, (238, 190): 243}
 
241, 264, True, 3, 88
{'infinity': 1, (1, 31): 264, (1, 210): 264, (2, 105): 132, (2, 136): 132, (9, 35): 33, (9, 206): 33, (10, 1): 264, (10, 240): 264, (14, 72): 11, (14, 169): 11, (15, 76): 33, (15, 165): 33, (16, 26): 11, (16, 215): 11, (17, 112): 132, (17, 129): 132, (21, 25): 11, (21, 216): 11, (22, 78): 88, (22, 163): 88, (24, 96): 66, (24, 145): 66, (26, 20): 264, (26, 221): 264, (27, 75): 88, (27, 166): 88, (28, 13): 88, (28, 228): 88, (32, 95): 264, (32, 146): 264, (33, 83): 264, (33, 158): 264, (34, 55): 264, (34, 186): 264, (35, 50): 264, (35, 191): 264, (36, 66): 264, (36, 175): 264, (37, 37): 4, (37, 204): 4, (42, 6): 264, (42, 235): 264, (44, 75): 264, (44, 166): 264, (47, 76): 44, (47, 165): 44, (48, 47): 8, (48, 194): 8, (50, 17): 44, (50, 224): 44, (51, 35): 264, (51, 206): 264, (52, 78): 264, (52, 163): 264, (54, 11): 132, (54, 230): 132, (56, 102): 6, (56, 139): 6, (58, 95): 33, (58, 146): 33, (59, 28): 24, (59, 213): 24, (61, 42): 264, (61, 199): 264, (63, 100): 264, (63, 141): 264, (64, 15): 24, (64, 226): 24, (65, 41): 12, (65, 200): 12, (67, 49): 264, (67, 192): 264, (68, 58): 88, (68, 183): 88, (69, 53): 88, (69, 188): 88, (71, 28): 88, (71, 213): 88, (72, 7): 264, (72, 234): 264, (74, 65): 88, (74, 176): 88, (75, 58): 88, (75, 183): 88, (78, 25): 66, (78, 216): 66, (79, 43): 3, (79, 198): 3, (81, 46): 264, (81, 195): 264, (83, 31): 44, (83, 210): 44, (85, 100): 264, (85, 141): 264, (87, 19): 132, (87, 222): 132, (88, 32): 132, (88, 209): 132, (89, 17): 66, (89, 224): 66, (90, 50): 44, (90, 191): 44, (91, 34): 88, (91, 207): 88, (92, 100): 44, (92, 141): 44, (93, 29): 264, (93, 212): 264, (96, 33): 132, (96, 208): 132, (97, 58): 11, (97, 183): 11, (99, 88): 88, (99, 153): 88, (100, 71): 264, (100, 170): 264, (101, 17): 132, (101, 224): 132, (102, 1): 264, (102, 240): 264, (105, 26): 132, (105, 215): 132, (106, 62): 264, (106, 179): 264, (108, 110): 66, (108, 131): 66, (110, 28): 66, (110, 213): 66, (114, 107): 8, (114, 134): 8, (115, 50): 264, (115, 191): 264, (116, 73): 264, (116, 168): 264, (117, 105): 132, (117, 136): 132, (119, 26): 132, (119, 215): 132, (120, 84): 88, (120, 157): 88, (121, 105): 66, (121, 136): 66, (124, 36): 88, (124, 205): 88, (126, 82): 88, (126, 159): 88, (127, 89): 132, (127, 152): 132, (128, 1): 22, (128, 240): 22, (129, 9): 44, (129, 232): 44, (130, 93): 88, (130, 148): 88, (132, 120): 12, (132, 121): 12, (133, 73): 44, (133, 168): 44, (134, 51): 132, (134, 190): 132, (137, 0): 2, (138, 110): 66, (138, 131): 66, (140, 85): 22, (140, 156): 22, (141, 25): 66, (141, 216): 66, (143, 45): 33, (143, 196): 33, (147, 97): 44, (147, 144): 44, (150, 95): 264, (150, 146): 264, (155, 85): 132, (155, 156): 132, (156, 31): 264, (156, 210): 264, (157, 93): 132, (157, 148): 132, (165, 23): 264, (165, 218): 264, (166, 78): 66, (166, 163): 66, (168, 51): 264, (168, 190): 264, (169, 75): 132, (169, 166): 132, (170, 5): 88, (170, 236): 88, (172, 36): 264, (172, 205): 264, (173, 60): 44, (173, 181): 44, (174, 14): 264, (174, 227): 264, (176, 90): 264, (176, 151): 264, (178, 76): 132, (178, 165): 132, (179, 51): 88, (179, 190): 88, (180, 35): 88, (180, 206): 88, (183, 38): 264, (183, 203): 264, (184, 24): 33, (184, 217): 33, (185, 36): 33, (185, 205): 33, (186, 85): 132, (186, 156): 132, (187, 52): 132, (187, 189): 132, (188, 111): 24, (188, 130): 24, (190, 27): 132, (190, 214): 132, (192, 104): 264, (192, 137): 264, (194, 93): 264, (194, 148): 264, (196, 32): 44, (196, 209): 44, (197, 32): 66, (197, 209): 66, (199, 56): 264, (199, 185): 264, (201, 67): 11, (201, 174): 11, (202, 61): 88, (202, 180): 88, (204, 7): 33, (204, 234): 33, (205, 7): 264, (205, 234): 264, (208, 41): 24, (208, 200): 24, (212, 30): 132, (212, 211): 132, (213, 101): 88, (213, 140): 88, (216, 66): 33, (216, 175): 33, (217, 16): 22, (217, 225): 22, (222, 20): 264, (222, 221): 264, (227, 40): 33, (227, 201): 33, (229, 66): 88, (229, 175): 88, (230, 18): 264, (230, 223): 264, (232, 73): 264, (232, 168): 264, (233, 20): 22, (233, 221): 22, (234, 2): 22, (234, 239): 22, (235, 110): 33, (235, 131): 33, (238, 44): 264, (238, 197): 264}
 
251, 240, True, 3, 80
{'infinity': 1, (3, 72): 24, (3, 179): 24, (8, 55): 60, (8, 196): 60, (10, 19): 40, (10, 232): 40, (11, 25): 16, (11, 226): 16, (12, 63): 48, (12, 188): 48, (13, 46): 24, (13, 205): 24, (14, 43): 80, (14, 208): 80, (16, 18): 120, (16, 233): 120, (18, 114): 60, (18, 137): 60, (20, 2): 15, (20, 249): 15, (21, 88): 120, (21, 163): 120, (23, 32): 80, (23, 219): 80, (25, 117): 80, (25, 134): 80, (26, 36): 40, (26, 215): 40, (27, 119): 80, (27, 132): 80, (38, 34): 240, (38, 217): 240, (41, 108): 240, (41, 143): 240, (42, 3): 20, (42, 248): 20, (43, 107): 48, (43, 144): 48, (47, 70): 240, (47, 181): 240, (50, 0): 2, (52, 24): 240, (52, 227): 240, (54, 20): 120, (54, 231): 120, (55, 48): 60, (55, 203): 60, (56, 111): 240, (56, 140): 240, (57, 60): 30, (57, 191): 30, (58, 69): 16, (58, 182): 16, (62, 72): 12, (62, 179): 12, (63, 25): 40, (63, 226): 40, (64, 100): 240, (64, 151): 240, (66, 48): 10, (66, 203): 10, (69, 81): 80, (69, 170): 80, (71, 26): 20, (71, 225): 20, (72, 2): 4, (72, 249): 4, (73, 45): 15, (73, 206): 15, (74, 113): 240, (74, 138): 240, (75, 37): 120, (75, 214): 120, (78, 5): 120, (78, 246): 120, (79, 42): 240, (79, 209): 240, (80, 88): 240, (80, 163): 240, (83, 57): 240, (83, 194): 240, (84, 20): 240, (84, 231): 240, (85, 124): 20, (85, 127): 20, (89, 89): 60, (89, 162): 60, (91, 105): 40, (91, 146): 40, (92, 120): 48, (92, 131): 48, (95, 99): 120, (95, 152): 120, (96, 86): 80, (96, 165): 80, (104, 92): 240, (104, 159): 240, (110, 91): 120, (110, 160): 120, (112, 20): 240, (112, 231): 240, (113, 75): 15, (113, 176): 15, (115, 7): 20, (115, 244): 20, (118, 116): 24, (118, 135): 24, (120, 9): 240, (120, 242): 240, (121, 11): 80, (121, 240): 80, (124, 93): 40, (124, 158): 40, (125, 51): 120, (125, 200): 120, (126, 98): 80, (126, 153): 80, (129, 48): 60, (129, 203): 60, (134, 53): 120, (134, 198): 120, (138, 93): 5, (138, 158): 5, (139, 11): 120, (139, 240): 120, (143, 28): 5, (143, 223): 5, (147, 30): 16, (147, 221): 16, (148, 83): 48, (148, 168): 48, (149, 88): 80, (149, 163): 80, (150, 31): 120, (150, 220): 120, (151, 10): 30, (151, 241): 30, (152, 30): 240, (152, 221): 240, (155, 104): 15, (155, 147): 15, (157, 77): 80, (157, 174): 80, (158, 2): 60, (158, 249): 60, (159, 7): 240, (159, 244): 240, (161, 1): 80, (161, 250): 80, (163, 78): 120, (163, 173): 120, (165, 104): 6, (165, 147): 6, (167, 38): 8, (167, 213): 8, (171, 103): 120, (171, 148): 120, (172, 61): 40, (172, 190): 40, (174, 9): 12, (174, 242): 12, (176, 25): 80, (176, 226): 80, (177, 67): 240, (177, 184): 240, (181, 104): 10, (181, 147): 10, (183, 23): 48, (183, 228): 48, (185, 72): 8, (185, 179): 8, (186, 39): 240, (186, 212): 240, (188, 124): 240, (188, 127): 240, (189, 5): 240, (189, 246): 240, (190, 86): 24, (190, 165): 24, (192, 113): 120, (192, 138): 120, (193, 50): 48, (193, 201): 48, (196, 99): 48, (196, 152): 48, (197, 106): 60, (197, 145): 60, (199, 40): 40, (199, 211): 40, (200, 62): 240, (200, 189): 240, (202, 30): 30, (202, 221): 30, (204, 94): 60, (204, 157): 60, (207, 9): 80, (207, 242): 80, (209, 6): 48, (209, 245): 48, (210, 99): 240, (210, 152): 240, (215, 86): 240, (215, 165): 240, (216, 15): 240, (216, 236): 240, (217, 80): 240, (217, 171): 240, (218, 24): 80, (218, 227): 80, (226, 49): 240, (226, 202): 240, (227, 7): 240, (227, 244): 240, (228, 124): 240, (228, 127): 240, (229, 14): 30, (229, 237): 30, (230, 85): 120, (230, 166): 120, (231, 24): 3, (231, 227): 3, (232, 109): 240, (232, 142): 240, (233, 22): 80, (233, 229): 80, (234, 5): 80, (234, 246): 80, (235, 113): 240, (235, 138): 240, (236, 90): 16, (236, 161): 16, (237, 64): 240, (237, 187): 240, (239, 93): 40, (239, 158): 40, (241, 11): 240, (241, 240): 240, (247, 52): 120, (247, 199): 120}
 
257, 255, True, 15, 17
{'infinity': 1, (1, 76): 85, (1, 181): 85, (2, 17): 85, (2, 240): 85, (3, 124): 51, (3, 133): 51, (4, 97): 51, (4, 160): 51, (6, 30): 255, (6, 227): 255, (7, 13): 255, (7, 244): 255, (8, 32): 255, (8, 225): 255, (11, 40): 17, (11, 217): 17, (12, 11): 255, (12, 246): 255, (13, 1): 255, (13, 256): 255, (17, 102): 51, (17, 155): 51, (18, 83): 85, (18, 174): 85, (19, 20): 255, (19, 237): 255, (20, 127): 15, (20, 130): 15, (22, 97): 5, (22, 160): 5, (23, 74): 17, (23, 183): 17, (24, 107): 255, (24, 150): 255, (25, 116): 255, (25, 141): 255, (26, 127): 255, (26, 130): 255, (27, 126): 85, (27, 131): 85, (31, 87): 51, (31, 170): 51, (33, 104): 255, (33, 153): 255, (34, 23): 255, (34, 234): 255, (36, 25): 255, (36, 232): 255, (37, 45): 255, (37, 212): 255, (40, 59): 51, (40, 198): 51, (41, 38): 255, (41, 219): 255, (42, 13): 255, (42, 244): 255, (43, 113): 255, (43, 144): 255, (45, 125): 85, (45, 132): 85, (46, 53): 255, (46, 204): 255, (49, 100): 85, (49, 157): 85, (51, 79): 255, (51, 178): 255, (53, 87): 51, (53, 170): 51, (57, 122): 255, (57, 135): 255, (58, 114): 85, (58, 143): 85, (60, 32): 255, (60, 225): 255, (62, 3): 255, (62, 254): 255, (68, 96): 255, (68, 161): 255, (69, 86): 17, (69, 171): 17, (70, 9): 255, (70, 248): 255, (74, 95): 255, (74, 162): 255, (75, 5): 255, (75, 252): 255, (76, 27): 255, (76, 230): 255, (77, 116): 51, (77, 141): 51, (78, 113): 85, (78, 144): 85, (84, 123): 3, (84, 134): 3, (86, 5): 255, (86, 252): 255, (88, 10): 17, (88, 247): 17, (89, 95): 51, (89, 162): 51, (90, 53): 255, (90, 204): 255, (93, 95): 85, (93, 162): 85, (95, 5): 51, (95, 252): 51, (96, 122): 17, (96, 135): 17, (101, 56): 85, (101, 201): 85, (102, 42): 85, (102, 215): 85, (103, 122): 255, (103, 135): 255, (107, 76): 85, (107, 181): 85, (108, 89): 51, (108, 168): 51, (110, 17): 255, (110, 240): 255, (113, 62): 51, (113, 195): 51, (114, 124): 255, (114, 133): 255, (115, 98): 17, (115, 159): 17, (118, 24): 85, (118, 233): 85, (119, 101): 15, (119, 156): 15, (120, 53): 85, (120, 204): 85, (127, 12): 85, (127, 245): 85, (133, 82): 51, (133, 175): 51, (135, 113): 255, (135, 144): 255, (136, 78): 85, (136, 179): 85, (138, 91): 255, (138, 166): 255, (139, 124): 255, (139, 133): 255, (142, 18): 85, (142, 239): 85, (144, 17): 255, (144, 240): 255, (146, 67): 85, (146, 190): 85, (147, 128): 255, (147, 129): 255, (148, 76): 85, (148, 181): 85, (151, 90): 5, (151, 167): 5, (152, 46): 51, (152, 211): 51, (154, 116): 85, (154, 141): 85, (158, 120): 255, (158, 137): 255, (159, 88): 255, (159, 169): 255, (161, 90): 85, (161, 167): 85, (163, 121): 255, (163, 136): 255, (164, 80): 85, (164, 177): 85, (165, 78): 15, (165, 179): 15, (168, 33): 255, (168, 224): 255, (171, 72): 85, (171, 185): 85, (172, 87): 51, (172, 170): 51, (175, 69): 85, (175, 188): 85, (178, 65): 255, (178, 192): 255, (182, 10): 15, (182, 247): 15, (185, 21): 85, (185, 236): 85, (187, 81): 255, (187, 176): 255, (188, 32): 255, (188, 225): 255, (189, 27): 255, (189, 230): 255, (192, 60): 51, (192, 197): 51, (194, 123): 255, (194, 134): 255, (196, 15): 255, (196, 242): 255, (200, 110): 255, (200, 147): 255, (201, 90): 85, (201, 167): 85, (202, 93): 255, (202, 164): 255, (204, 51): 255, (204, 206): 255, (205, 34): 255, (205, 223): 255, (207, 13): 17, (207, 244): 17, (209, 118): 255, (209, 139): 255, (210, 127): 255, (210, 130): 255, (211, 8): 255, (211, 249): 255, (212, 78): 255, (212, 179): 255, (217, 38): 51, (217, 219): 51, (218, 99): 255, (218, 158): 255, (219, 128): 255, (219, 129): 255, (224, 119): 255, (224, 138): 255, (226, 31): 85, (226, 226): 85, (229, 108): 255, (229, 149): 255, (230, 97): 255, (230, 160): 255, (234, 52): 85, (234, 205): 85, (235, 123): 255, (235, 134): 255, (237, 70): 85, (237, 187): 85, (238, 48): 255, (238, 209): 255, (240, 61): 85, (240, 196): 85, (241, 6): 255, (241, 251): 255, (243, 10): 255, (243, 247): 255, (248, 27): 17, (248, 230): 17, (249, 40): 85, (249, 217): 85, (253, 40): 85, (253, 217): 85, (255, 38): 255, (255, 219): 255}
 
