surjcount, notsurjcount, primeordercount, surjpercentage
"425.b1"	425	1	[]	0	[1, 0, 0, -3, 2]	[[1, 0]]
47, 46, 12, 0.5053763440860215

"425.c1"	425	1	[]	0	[1, 1, 0, -75, 250]	[[10, 20]]
47, 46, 12, 0.5053763440860215

"427.a1"	427	1	[]	0	[1, 0, 0, -28, -59]	[[-3, 2]]
45, 48, 13, 0.4838709677419355

"427.c1"	427	1	[]	0	[1, 0, 1, -8, 7]	[[1, 0]]
43, 50, 11, 0.46236559139784944

"428.a1"	428	1	[]	0	[0, -1, 0, 3, -2]	[[1, 1]]
45, 48, 10, 0.4838709677419355

"430.a1"	430	1	[]	0	[1, -1, 0, -20, 40]	[[3, -1]]
51, 41, 13, 0.5543478260869565

"430.b1"	430	1	[]	0	[1, -1, 0, 16, -10]	[[1, 2]]
51, 41, 10, 0.5543478260869565

"430.c1"	430	1	[]	0	[1, 0, 0, -5626, -162894]	[[771/2, 18699/2]]
0, 92, 0, 0.0

"430.d1"	430	1	[]	0	[1, 0, 0, -1415, 20617]	[[-26, 213]]
49, 43, 16, 0.532608695652174

"431.a1"	431	1	[]	0	[1, 0, 0, 0, -1]	[[1, 0]]
47, 47, 10, 0.5

"432.b1"	432	1	[]	0	[0, 0, 0, -459, 3834]	[[-3, 72]]
39, 54, 4, 0.41935483870967744

"432.b2"	432	1	[]	0	[0, 0, 0, -219, -1654]	[[29, 128]]
22, 71, 4, 0.23655913978494625

"432.b3"	432	1	[]	0	[0, 0, 0, 21, 26]	[[5, 16]]
22, 71, 4, 0.23655913978494625

"432.c1"	432	1	[]	0	[0, 0, 0, -3, 34]	[[5, 12]]
46, 47, 12, 0.4946236559139785

"432.d1"	432	1	[]	-3	[0, 0, 0, 0, -4]	[[2, 2]]
22, 71, 10, 0.23655913978494625

"432.d2"	432	1	[]	-3	[0, 0, 0, 0, 108]	[[6, 18]]
41, 52, 10, 0.44086021505376344

"437.a1"	437	1	[]	0	[0, -1, 1, 19, 100]	[[10, 34]]
49, 44, 10, 0.5268817204301075

"441.a1"	441	1	[]	0	[0, 0, 1, -8211, -286610]	[[235, 3280]]
39, 54, 13, 0.41935483870967744

"441.a2"	441	1	[]	0	[0, 0, 1, -21, 40]	[[4, 4]]
47, 46, 13, 0.5053763440860215

"441.d1"	441	1	[]	-3	[0, 0, 1, 0, -331]	[[21, 94]]
28, 65, 1, 0.3010752688172043

"443.a1"	443	1	[]	0	[1, 0, 0, -3, -2]	[[-1, 1]]
41, 53, 7, 0.43617021276595747

"443.b1"	443	1	[]	0	[0, 1, 1, 1, 1]	[[-1, 0]]
48, 46, 12, 0.5106382978723404

"446.b1"	446	1	[]	0	[1, 1, 0, -30, 52]	[[4, 2]]
54, 39, 13, 0.5806451612903226

"446.c1"	446	1	[]	0	[1, 1, 1, -39, -35]	[[-5, 10]]
49, 44, 9, 0.5268817204301075

"451.a1"	451	1	[]	0	[0, 1, 1, 3, 7]	[[7, 20]]
43, 50, 12, 0.46236559139784944

"456.a1"	456	1	[]	0	[0, -1, 0, 55, 93]	[[23, 114]]
46, 46, 14, 0.5

"456.c1"	456	1	[]	0	[0, 1, 0, -57, 171]	[[3, 6]]
50, 42, 10, 0.5434782608695652

"458.a1"	458	1	[]	0	[1, -1, 0, -19, 37]	[[2, 1]]
44, 49, 7, 0.4731182795698925

"458.b1"	458	1	[]	0	[1, 1, 1, -16, -15]	[[-3, 5]]
53, 40, 14, 0.5698924731182796

"459.a1"	459	1	[]	0	[0, 0, 1, 3, -4]	[[4, 8]]
49, 44, 15, 0.5268817204301075

"459.c1"	459	1	[]	0	[1, -1, 1, -2, 28]	[[-2, 5]]
46, 47, 8, 0.4946236559139785

"459.f1"	459	1	[]	0	[1, -1, 0, 0, -1]	[[2, 1]]
45, 48, 8, 0.4838709677419355

"460.a1"	460	1	[]	0	[0, -1, 0, -10, 17]	[[4, 5]]
43, 49, 13, 0.4673913043478261

"460.c2"	460	1	[]	0	[0, 1, 0, 414, -13915]	[[613/3, 15625/3]]
0, 92, 0, 0.0

"464.b1"	464	1	[]	0	[0, -1, 0, -80, 304]	[[6, 2]]
42, 51, 8, 0.45161290322580644

"464.d1"	464	1	[]	0	[0, 1, 0, 8, 4]	[[0, 2]]
50, 43, 15, 0.5376344086021505

"467.a1"	467	1	[]	0	[0, 0, 1, -4, 3]	[[1, 0]]
44, 50, 9, 0.46808510638297873

"469.a1"	469	1	[]	0	[1, -1, 1, -12, 18]	[[2, -1]]
44, 49, 9, 0.4731182795698925

"469.b1"	469	1	[]	0	[1, 0, 1, -80, -275]	[[-5, 4]]
52, 41, 9, 0.5591397849462365

"470.a1"	470	1	[]	0	[1, 1, 0, -97, 281]	[[-8, 29]]
44, 48, 9, 0.4782608695652174

"470.b1"	470	1	[]	0	[1, 0, 1, -44, 106]	[[1, 7]]
46, 46, 14, 0.5

"470.d1"	470	1	[]	0	[1, -1, 1, -117, 141]	[[-9, 24]]
44, 48, 8, 0.4782608695652174

"470.e1"	470	1	[]	0	[1, 1, 1, -11, 9]	[[1, 0]]
46, 46, 11, 0.5

"471.a1"	471	1	[]	0	[1, 1, 1, 1, 2]	[[0, 1]]
53, 40, 13, 0.5698924731182796

"472.a1"	472	1	[]	0	[0, 0, 0, 2, 1]	[[0, 1]]
47, 46, 9, 0.5053763440860215

"472.b1"	472	1	[]	0	[0, -1, 0, 4, 4]	[[0, 2]]
50, 43, 12, 0.5376344086021505

"473.a1"	473	1	[]	0	[0, 1, 1, -1006, 11952]	[[15, 21]]
51, 42, 14, 0.5483870967741935

"474.a1"	474	1	[]	0	[1, 1, 0, 81, -27]	[[14, 57]]
44, 48, 10, 0.4782608695652174

"474.b1"	474	1	[]	0	[1, 0, 1, -7, 14]	[[1, 2]]
52, 40, 16, 0.5652173913043478

"477.a1"	477	1	[]	0	[1, -1, 0, 3, -10]	[[2, 0]]
45, 48, 12, 0.4838709677419355

"482.a1"	482	1	[]	0	[1, 0, 1, -44, -150]	[[17, 55]]
53, 40, 12, 0.5698924731182796

"484.a1"	484	1	[]	0	[0, 1, 0, -9357, 347279]	[[205, 2662]]
47, 46, 1, 0.5053763440860215

"484.a2"	484	1	[]	0	[0, 1, 0, 323, 2671]	[[18, 121]]
29, 64, 1, 0.3118279569892473

"485.b1"	485	1	[]	0	[0, 0, 1, -2, 0]	[[0, 0]]
46, 47, 10, 0.4946236559139785

"486.a2"	486	1	[]	0	[1, -1, 0, -6, -4]	[[-1, 1]]
31, 62, 0, 0.3333333333333333

"486.b2"	486	1	[]	0	[1, -1, 0, 3, 5]	[[2, 3]]
38, 55, 0, 0.40860215053763443

"486.d1"	486	1	[]	0	[1, -1, 1, -1109, -13931]	[[-19, 8]]
0, 93, 0, 0.0

"490.b1"	490	1	[]	0	[1, 1, 0, -32, 64]	[[8, 16]]
41, 51, 7, 0.44565217391304346

"490.b2"	490	1	[]	0	[1, 1, 0, 3, 1]	[[0, 1]]
24, 68, 7, 0.2608695652173913

"490.c1"	490	1	[]	0	[1, 0, 1, -1594, -26708]	[[53, 169]]
31, 61, 1, 0.33695652173913043

"492.a1"	492	1	[]	0	[0, -1, 0, -13, 25]	[[3, 2]]
48, 44, 9, 0.5217391304347826

"492.b1"	492	1	[]	0	[0, 1, 0, 11, 695]	[[-7, 18]]
49, 43, 11, 0.532608695652174

"493.a1"	493	1	[]	0	[1, -1, 1, -57, 222]	[[40, 226]]
46, 47, 10, 0.4946236559139785

"494.a1"	494	1	[]	0	[1, 1, 0, 13, 13]	[[3, 8]]
46, 46, 11, 0.5

"494.d1"	494	1	[]	0	[1, 1, 1, -1001, 12375]	[[45, 224]]
50, 42, 13, 0.5434782608695652

"496.a1"	496	1	[]	0	[0, 0, 0, 1, 1]	[[0, 1]]
45, 48, 7, 0.4838709677419355

"496.c1"	496	1	[]	0	[0, 0, 0, -17, 27]	[[2, 1]]
50, 43, 11, 0.5376344086021505

"497.a1"	497	1	[]	0	[1, 1, 0, 25, -14]	[[2, 6]]
50, 43, 14, 0.5376344086021505

"498.a1"	498	1	[]	0	[1, 0, 1, -9, 28]	[[-1, 6]]
45, 47, 8, 0.4891304347826087

"503.b1"	503	1	[]	0	[1, 0, 1, -32, -71]	[[7, 4]]
51, 44, 14, 0.5368421052631579

"506.a1"	506	1	[]	0	[1, 0, 1, -48, -130]	[[-4, 2]]
39, 53, 12, 0.42391304347826086

"506.d1"	506	1	[]	0	[1, -1, 0, -935, 11229]	[[17, -3]]
48, 44, 15, 0.5217391304347826

"506.e1"	506	1	[]	0	[1, 0, 0, -86, 292]	[[4, 2]]
47, 45, 9, 0.5108695652173914

"506.f1"	506	1	[]	0	[1, -1, 1, -4, -1]	[[-1, 1]]
50, 42, 13, 0.5434782608695652

"507.b1"	507	1	[]	0	[1, 1, 1, -75, -1422]	[[106, 1040]]
40, 53, 5, 0.43010752688172044

"507.b2"	507	1	[]	0	[1, 1, 1, -10, 8]	[[2, 0]]
43, 50, 5, 0.46236559139784944

"507.c1"	507	1	[]	0	[1, 1, 0, -12678, -3060351]	[[6144/5, 354243/5]]
31, 62, 6, 0.3333333333333333

"507.c2"	507	1	[]	0	[1, 1, 0, -1693, 26434]	[[70, 472]]
45, 48, 7, 0.4838709677419355

"513.a1"	513	1	[]	0	[1, -1, 1, -5, 6]	[[2, 0]]
51, 42, 13, 0.5483870967741935

"513.b1"	513	1	[]	0	[1, -1, 0, -42, -127]	[[8, -3]]
47, 46, 12, 0.5053763440860215

"516.a1"	516	1	[]	0	[0, -1, 0, 11, -47]	[[7, 18]]
51, 41, 12, 0.5543478260869565

"517.b1"	517	1	[]	0	[0, -1, 1, -52, -3863]	[[85/2, 513/2]]
52, 41, 11, 0.5591397849462365

"522.b1"	522	1	[]	0	[1, -1, 0, -4095, 102577]	[[36, 11]]
44, 48, 5, 0.4782608695652174

"522.b2"	522	1	[]	0	[1, -1, 0, 45, -203]	[[6, 13]]
35, 57, 5, 0.3804347826086957

"522.c1"	522	1	[]	0	[1, -1, 0, -45, 139]	[[-1, 14]]
46, 46, 15, 0.5

"522.f1"	522	1	[]	0	[1, -1, 0, 12, -208]	[[7, 10]]
52, 40, 16, 0.5652173913043478

"522.g1"	522	1	[]	0	[1, -1, 1, 1, 7]	[[1, 2]]
48, 44, 14, 0.5217391304347826

"522.h1"	522	1	[]	0	[1, -1, 1, -509, 4677]	[[11, 12]]
51, 41, 10, 0.5543478260869565

"524.a1"	524	1	[]	0	[0, 1, 0, -309, 1991]	[[10, 1]]
46, 47, 9, 0.4946236559139785

"530.a1"	530	1	[]	0	[1, -1, 0, 1226, 30580]	[[156, 1922]]
53, 39, 17, 0.5760869565217391

"530.d1"	530	1	[]	0	[1, 1, 1, 9, 13]	[[1, 4]]
53, 39, 14, 0.5760869565217391

"539.a1"	539	1	[]	0	[0, 1, 1, -383196, 91174234]	[[1429/2, 45/2]]
24, 69, 6, 0.25806451612903225

"539.a2"	539	1	[]	0	[0, 1, 1, -506, 7774]	[[44, 269]]
41, 52, 7, 0.44086021505376344

"539.a3"	539	1	[]	0	[0, 1, 1, -16, -66]	[[9, 24]]
38, 55, 7, 0.40860215053763443

"540.a1"	540	1	[]	0	[0, 0, 0, -513, -4563]	[[28, 55]]
0, 92, 0, 0.0

"540.b2"	540	1	[]	0	[0, 0, 0, 1512, 33588]	[[-11, 125]]
0, 92, 0, 0.0

"540.d2"	540	1	[]	0	[0, 0, 0, 3, 1]	[[0, 1]]
0, 92, 0, 0.0

"542.a1"	542	1	[]	0	[1, 1, 1, -8, 9]	[[1, 1]]
47, 46, 9, 0.5053763440860215

"550.d1"	550	1	[]	0	[1, 1, 0, -25, 125]	[[5, 10]]
37, 55, 5, 0.40217391304347827

"550.d2"	550	1	[]	0	[1, 1, 0, 225, -3125]	[[15, 55]]
25, 67, 5, 0.2717391304347826

"550.e1"	550	1	[]	0	[1, 0, 1, -758201, 254051548]	[[502, -189]]
35, 57, 7, 0.3804347826086957

"550.e2"	550	1	[]	0	[1, 0, 1, -701, -7202]	[[52, 286]]
25, 67, 7, 0.2717391304347826

"550.e3"	550	1	[]	0	[1, 0, 1, 4924, 75298]	[[52, 661]]
35, 57, 7, 0.3804347826086957

"550.h1"	550	1	[]	0	[1, -1, 1, -15, 87]	[[-1, 10]]
47, 45, 13, 0.5108695652173914

"550.i1"	550	1	[]	0	[1, 1, 1, -2213, 39531]	[[-35, 292]]
43, 49, 4, 0.4673913043478261

"550.i2"	550	1	[]	0	[1, 1, 1, 7412, 212781]	[[5, 497]]
26, 66, 4, 0.2826086956521739

"551.a1"	551	1	[]	0	[0, 1, 1, -116, 444]	[[9, 14]]
48, 45, 13, 0.5161290322580645

"551.b1"	551	1	[]	0	[1, 0, 0, -11, 14]	[[5, 7]]
47, 46, 8, 0.5053763440860215

"551.c1"	551	1	[]	0	[1, 0, 1, 1, -5]	[[7, 15]]
42, 51, 14, 0.45161290322580644

"551.d1"	551	1	[]	0	[0, 1, 1, -2376, -61851]	[[509/2, 10465/2]]
48, 45, 13, 0.5161290322580645

"556.a1"	556	1	[]	0	[0, 0, 0, -8, 9]	[[2, 1]]
41, 52, 10, 0.44086021505376344

"557.a1"	557	1	[]	0	[1, 1, 0, 0, 1]	[[0, 1]]
48, 47, 11, 0.5052631578947369

"558.a1"	558	1	[]	0	[1, -1, 0, -12555, 544887]	[[279, 4185]]
46, 46, 3, 0.5

"558.a2"	558	1	[]	0	[1, -1, 0, 135, -243]	[[9, 36]]
38, 54, 3, 0.41304347826086957

"558.b1"	558	1	[]	0	[1, -1, 0, 0, 2]	[[1, 1]]
49, 43, 14, 0.532608695652174

"558.e1"	558	1	[]	0	[1, -1, 1, -434, -7343]	[[91, 791]]
34, 58, 0, 0.3695652173913043

"558.f1"	558	1	[]	0	[1, -1, 1, -149, 749]	[[9, 4]]
52, 40, 17, 0.5652173913043478

"560.a1"	560	1	[]	0	[0, 0, 0, 32, -212]	[[6, 14]]
48, 44, 12, 0.5217391304347826

"560.c1"	560	1	[]	0	[0, -1, 0, -805, 9065]	[[17, 2]]
24, 68, 4, 0.2608695652173913

"560.c2"	560	1	[]	0	[0, -1, 0, -5, 25]	[[5, 10]]
42, 50, 4, 0.45652173913043476

"561.a1"	561	1	[]	0	[0, 1, 1, -8, 8]	[[1, 1]]
48, 44, 10, 0.5217391304347826

"561.d1"	561	1	[]	0	[0, 1, 1, -269, 1628]	[[34, 181]]
46, 46, 13, 0.5

"564.a1"	564	1	[]	0	[0, -1, 0, -221, -1191]	[[-8, 1]]
49, 43, 9, 0.532608695652174

"564.b1"	564	1	[]	0	[0, 1, 0, -517, -4681]	[[-14, 3]]
0, 92, 0, 0.0

"566.a1"	566	1	[]	0	[1, -1, 0, -2, 4]	[[0, 2]]
48, 45, 13, 0.5161290322580645

"567.a1"	567	1	[]	0	[1, -1, 1, -2, 82]	[[10, 26]]
48, 45, 11, 0.5161290322580645

"567.b1"	567	1	[]	0	[1, -1, 0, 0, -3]	[[4, 5]]
45, 48, 12, 0.4838709677419355

"573.a1"	573	1	[]	0	[0, 1, 1, -4, -2]	[[-1, 1]]
51, 42, 15, 0.5483870967741935

"574.b1"	574	1	[]	0	[1, 1, 0, -2, -2]	[[-1, 1]]
45, 47, 13, 0.4891304347826087

"574.c1"	574	1	[]	0	[1, 0, 1, -2335, -43598]	[[-28, 17]]
29, 63, 1, 0.31521739130434784

"574.g1"	574	1	[]	0	[1, -1, 1, -9611313, -11466507927]	[[-402671/15, 3021062/15]]
0, 92, 0, 0.0

"574.h1"	574	1	[]	0	[1, 1, 1, -21, -5]	[[-1, 4]]
47, 45, 11, 0.5108695652173914

"575.a1"	575	1	[]	0	[0, 1, 1, -18, 24]	[[3, 2]]
42, 51, 11, 0.45161290322580644

"575.b1"	575	1	[]	0	[0, 0, 1, 175, -1344]	[[45, 312]]
43, 50, 15, 0.46236559139784944

"575.c1"	575	1	[]	0	[1, -1, 1, -55, 72]	[[-6, 15]]
51, 42, 9, 0.5483870967741935

"575.d1"	575	1	[]	0	[1, -1, 0, -2, 1]	[[0, 1]]
47, 46, 8, 0.5053763440860215

"585.a1"	585	1	[]	0	[0, 0, 1, -3, 18]	[[-1, 4]]
46, 46, 14, 0.5

"585.c1"	585	1	[]	0	[0, 0, 1, -597, 8820]	[[8, 67]]
47, 45, 16, 0.5108695652173914

"585.f2"	585	1	[]	0	[0, 0, 1, 108, 560]	[[30, 175]]
30, 62, 1, 0.32608695652173914

"586.b1"	586	1	[]	0	[1, 1, 1, -9, 7]	[[1, 0]]
47, 46, 12, 0.5053763440860215

"586.c1"	586	1	[]	0	[1, 1, 1, -18, 415]	[[-7, 19]]
58, 35, 15, 0.6236559139784946

"590.b1"	590	1	[]	0	[1, -1, 0, 1, 5]	[[1, 2]]
50, 42, 10, 0.5434782608695652

"590.d1"	590	1	[]	0	[1, 0, 0, -350, 2500]	[[10, 0]]
47, 45, 11, 0.5108695652173914

"591.a1"	591	1	[]	0	[0, -1, 1, -3, 2]	[[0, 1]]
46, 47, 11, 0.4946236559139785

"592.a1"	592	1	[]	0	[0, -1, 0, -29973, 2007325]	[[100, 5]]
21, 72, 5, 0.22580645161290322

"592.a2"	592	1	[]	0	[0, -1, 0, -373, 2813]	[[4, 37]]
29, 64, 5, 0.3118279569892473

"592.a3"	592	1	[]	0	[0, -1, 0, -53, -131]	[[-4, 1]]
22, 71, 5, 0.23655913978494625

"592.b1"	592	1	[]	0	[0, 1, 0, -5, -1]	[[-1, 2]]
52, 41, 10, 0.5591397849462365

"592.c1"	592	1	[]	0	[0, 1, 0, -9, -13]	[[-2, 1]]
46, 47, 12, 0.4946236559139785

"593.b1"	593	1	[]	0	[1, 0, 1, -2, 1]	[[1, 0]]
50, 45, 15, 0.5263157894736842

"594.b1"	594	1	[]	0	[1, -1, 0, -153, 4909]	[[18, 79]]
49, 43, 8, 0.532608695652174

"594.c1"	594	1	[]	0	[1, -1, 0, -18, 36]	[[0, 6]]
43, 49, 13, 0.4673913043478261

"598.a1"	598	1	[]	0	[1, -1, 0, 44, 496]	[[-5, 14]]
51, 41, 14, 0.5543478260869565

"598.c1"	598	1	[]	0	[1, 1, 1, 4, -1443]	[[21, 81]]
49, 43, 8, 0.532608695652174

"600.b1"	600	1	[]	0	[0, -1, 0, 7, -3]	[[1, 2]]
46, 46, 12, 0.5

"600.f1"	600	1	[]	0	[0, 1, 0, -233, 1563]	[[43, 270]]
52, 40, 14, 0.5652173913043478

"603.a1"	603	1	[]	0	[0, 0, 1, -111, 450]	[[5, 4]]
48, 45, 12, 0.5161290322580645

"603.e1"	603	1	[]	0	[1, -1, 0, -9, -54]	[[6, 6]]
47, 46, 11, 0.5053763440860215

"605.a1"	605	1	[]	0	[1, -1, 1, -12, 36]	[[6, 9]]
56, 37, 15, 0.6021505376344086

"605.c1"	605	1	[]	0	[1, -1, 0, -1414, -44027]	[[212, 2919]]
52, 41, 17, 0.5591397849462365

"606.a1"	606	1	[]	0	[1, 0, 1, 4, 2]	[[0, 1]]
49, 43, 15, 0.532608695652174

"606.e1"	606	1	[]	0	[1, 0, 0, -120, 576]	[[0, 24]]
54, 38, 16, 0.5869565217391305

"608.a1"	608	1	[]	0	[0, 0, 0, 5, -2]	[[1, 2]]
47, 46, 12, 0.5053763440860215

"608.b1"	608	1	[]	0	[0, 0, 0, -8, 16]	[[0, 4]]
43, 50, 9, 0.46236559139784944

"608.c1"	608	1	[]	0	[0, 0, 0, -8, -16]	[[4, 4]]
44, 49, 10, 0.4731182795698925

"608.d1"	608	1	[]	0	[0, 0, 0, -56, -4848]	[[128, 1444]]
50, 43, 12, 0.5376344086021505

"612.a1"	612	1	[]	0	[0, 0, 0, -4104, -101196]	[[93, 567]]
0, 92, 0, 0.0

"612.b1"	612	1	[]	0	[0, 0, 0, -48, 196]	[[-4, 18]]
44, 48, 10, 0.4782608695652174

"614.a1"	614	1	[]	0	[1, 0, 0, -373, -2991]	[[96, 873]]
31, 62, 0, 0.3333333333333333

"614.b1"	614	1	[]	0	[1, -1, 1, -61, 197]	[[5, -4]]
47, 46, 12, 0.5053763440860215

"615.b1"	615	1	[]	0	[0, 1, 1, 79, -214]	[[22, 112]]
47, 45, 13, 0.5108695652173914

"616.b1"	616	1	[]	0	[0, -1, 0, -1, 197]	[[29, 154]]
49, 43, 14, 0.532608695652174

"618.a1"	618	1	[]	0	[1, 1, 0, 2, 4]	[[0, 2]]
46, 46, 13, 0.5

"618.b1"	618	1	[]	0	[1, 1, 0, -2819, -58803]	[[61, -1]]
41, 51, 11, 0.44565217391304346

"618.c1"	618	1	[]	0	[1, 0, 1, -20330, -1118500]	[[477, 9649]]
34, 58, 0, 0.3695652173913043

"618.d2"	618	1	[]	0	[1, 0, 1, 54, 196]	[[28, 140]]
37, 55, 0, 0.40217391304347827

"618.e1"	618	1	[]	0	[1, 1, 1, 1, 5]	[[-1, 2]]
46, 46, 15, 0.5

"618.f1"	618	1	[]	0	[1, 0, 0, -185, 1401]	[[10, 19]]
50, 42, 8, 0.5434782608695652

"620.a1"	620	1	[]	0	[0, 0, 0, 8, 4]	[[0, 2]]
44, 48, 9, 0.4782608695652174

"620.c2"	620	1	[]	0	[0, 1, 0, 59, 1495]	[[-6, 31]]
34, 58, 1, 0.3695652173913043

"621.a1"	621	1	[]	0	[1, -1, 1, -14, -16]	[[-2, 1]]
50, 43, 11, 0.5376344086021505

"622.a1"	622	1	[]	0	[1, -1, 1, 8, -5]	[[1, 1]]
53, 40, 11, 0.5698924731182796

"623.a1"	623	1	[]	0	[1, 1, 0, 28, 157]	[[12, 43]]
44, 49, 11, 0.4731182795698925

