surjcount, notsurjcount, primeordercount, surjpercentage"37.a1"	37	1	[]	0	[0, 0, 1, -1, 0]	[[0, 0]]
42, 52, 8, 0.4421052631578947

"43.a1"	43	1	[]	0	[0, 1, 1, 0, 0]	[[0, 0]]
44, 50, 12, 0.4631578947368421

"53.a1"	53	1	[]	0	[1, -1, 1, 0, 0]	[[0, 0]]
48, 46, 10, 0.5052631578947369

"57.a1"	57	1	[]	0	[0, -1, 1, -2, 2]	[[2, 1]]
40, 53, 9, 0.42105263157894735

"58.a1"	58	1	[]	0	[1, -1, 0, -1, 1]	[[0, 1]]
51, 42, 13, 0.5368421052631579

"61.a1"	61	1	[]	0	[1, 0, 0, -2, 1]	[[1, 0]]
48, 46, 12, 0.5052631578947369

"77.a1"	77	1	[]	0	[0, 0, 1, 2, 0]	[[2, 3]]
46, 47, 17, 0.4842105263157895

"79.a1"	79	1	[]	0	[1, 1, 1, -2, 0]	[[0, 0]]
49, 45, 10, 0.5157894736842106

"83.a1"	83	1	[]	0	[1, 1, 1, 1, 0]	[[0, 0]]
44, 50, 8, 0.4631578947368421

"88.a1"	88	1	[]	0	[0, 0, 0, -4, 4]	[[2, 2]]
50, 43, 9, 0.5263157894736842

"89.a1"	89	1	[]	0	[1, 1, 1, -1, 0]	[[0, 0]]
48, 46, 10, 0.5052631578947369

"91.a1"	91	1	[]	0	[0, 0, 1, 1, 0]	[[0, 0]]
52, 41, 7, 0.5473684210526316

"91.b1"	91	1	[]	0	[0, 1, 1, -117, -1245]	[[15, 24]]
36, 57, 1, 0.37894736842105264

"92.a1"	92	1	[]	0	[0, 0, 0, -1, 1]	[[1, 1]]
48, 45, 10, 0.5052631578947369

"101.a1"	101	1	[]	0	[0, 1, 1, -1, -1]	[[-1, 0]]
55, 39, 16, 0.5789473684210527

"106.a1"	106	1	[]	0	[1, 1, 0, -7, 5]	[[2, 1]]
52, 41, 14, 0.5473684210526316

"118.a1"	118	1	[]	0	[1, 1, 0, 1, 1]	[[0, 1]]
49, 44, 13, 0.5157894736842106

"121.b1"	121	1	[]	-11	[0, -1, 1, -887, -10143]	[[81, 665]]
25, 69, 5, 0.2631578947368421

"121.b2"	121	1	[]	-11	[0, -1, 1, -7, 10]	[[4, 5]]
33, 61, 5, 0.3473684210526316

"122.a1"	122	1	[]	0	[1, 0, 1, 2, 0]	[[1, 1]]
46, 47, 10, 0.4842105263157895

"123.a2"	123	1	[]	0	[0, 1, 1, 20, -890]	[[16, 61]]
39, 54, 1, 0.4105263157894737

"123.b1"	123	1	[]	0	[0, -1, 1, 1, -1]	[[1, 0]]
48, 45, 15, 0.5052631578947369

"124.a2"	124	1	[]	0	[0, 1, 0, 18, -11]	[[9, 31]]
31, 62, 0, 0.3263157894736842

"129.a1"	129	1	[]	0	[0, -1, 1, -19, 39]	[[1, 4]]
52, 41, 12, 0.5473684210526316

"131.a1"	131	1	[]	0	[0, -1, 1, 1, 0]	[[0, 0]]
50, 44, 12, 0.5263157894736842

"135.a1"	135	1	[]	0	[0, 0, 1, -3, 4]	[[4, 7]]
42, 51, 14, 0.4421052631578947

"141.a1"	141	1	[]	0	[0, 1, 1, -12, 2]	[[-3, 4]]
55, 38, 8, 0.5789473684210527

"141.d1"	141	1	[]	0	[0, -1, 1, -1, 0]	[[0, 0]]
54, 39, 11, 0.5684210526315789

"142.a1"	142	1	[]	0	[1, 1, 0, -1, -1]	[[-1, 1]]
51, 42, 6, 0.5368421052631579

"142.d1"	142	1	[]	0	[1, -1, 1, -12, 15]	[[1, 1]]
50, 43, 11, 0.5263157894736842

"143.a1"	143	1	[]	0	[0, -1, 1, -1, -2]	[[4, 6]]
46, 47, 12, 0.4842105263157895

"148.a1"	148	1	[]	0	[0, -1, 0, -5, 1]	[[-1, 2]]
42, 51, 6, 0.4421052631578947

"152.a1"	152	1	[]	0	[0, 1, 0, -1, 3]	[[-1, 2]]
51, 42, 12, 0.5368421052631579

"153.a1"	153	1	[]	0	[0, 0, 1, -3, 2]	[[0, 1]]
45, 48, 9, 0.47368421052631576

"153.b2"	153	1	[]	0	[0, 0, 1, 6, 27]	[[5, 13]]
34, 59, 1, 0.35789473684210527

"155.a1"	155	1	[]	0	[0, -1, 1, -840, -9114]	[[67, 480]]
47, 46, 2, 0.49473684210526314

"155.c1"	155	1	[]	0	[0, -1, 1, -1, 1]	[[1, 0]]
48, 45, 11, 0.5052631578947369

"158.a1"	158	1	[]	0	[1, 1, 0, -3, 1]	[[0, 1]]
44, 49, 13, 0.4631578947368421

"158.c1"	158	1	[]	0	[1, -1, 1, -9, 9]	[[-1, 4]]
54, 39, 11, 0.5684210526315789

"162.a2"	162	1	[]	0	[1, -1, 0, 39, -19]	[[10, 31]]
34, 59, 0, 0.35789473684210527

"163.a1"	163	1	[]	0	[0, 0, 1, -2, 1]	[[1, 0]]
48, 46, 11, 0.5052631578947369

"166.a1"	166	1	[]	0	[1, 1, 0, -6, 4]	[[0, 2]]
50, 43, 11, 0.5263157894736842

"171.b3"	171	1	[]	0	[0, 0, 1, 6, 0]	[[2, 4]]
35, 58, 1, 0.3684210526315789

"172.a2"	172	1	[]	0	[0, 1, 0, 67, 79]	[[10, 43]]
29, 64, 0, 0.30526315789473685

"175.a2"	175	1	[]	0	[0, -1, 1, 2, -2]	[[2, 2]]
32, 61, 2, 0.3368421052631579

"175.b1"	175	1	[]	0	[0, -1, 1, -3283, -74657]	[[397, 7812]]
22, 71, 7, 0.23157894736842105

"175.b2"	175	1	[]	0	[0, -1, 1, -33, 93]	[[-3, 12]]
41, 52, 7, 0.43157894736842106

"175.b3"	175	1	[]	0	[0, -1, 1, 217, -282]	[[12, 62]]
22, 71, 7, 0.23157894736842105

"176.a1"	176	1	[]	0	[0, -1, 0, -77, 289]	[[-3, 22]]
44, 49, 7, 0.4631578947368421

"176.a2"	176	1	[]	0	[0, -1, 0, 3, 1]	[[1, 2]]
24, 69, 7, 0.25263157894736843

"184.a1"	184	1	[]	0	[0, -1, 0, 0, 1]	[[0, 1]]
50, 43, 14, 0.5263157894736842

"184.b1"	184	1	[]	0	[0, -1, 0, -4, 5]	[[2, 1]]
45, 48, 9, 0.47368421052631576

"185.a1"	185	1	[]	0	[0, 1, 1, -156, 700]	[[4, 12]]
38, 55, 12, 0.4

"185.b1"	185	1	[]	0	[0, -1, 1, -5, 6]	[[0, 2]]
51, 42, 12, 0.5368421052631579

"189.a1"	189	1	[]	0	[0, 0, 1, -3, 0]	[[-1, 1]]
51, 42, 13, 0.5368421052631579

"189.b1"	189	1	[]	0	[0, 0, 1, -3834, -91375]	[[-143/2, -3/2]]
0, 93, 0, 0.0

"190.a1"	190	1	[]	0	[1, 1, 0, 2, 2]	[[1, 2]]
53, 39, 11, 0.5578947368421052

"190.b1"	190	1	[]	0	[1, -1, 1, -48, 147]	[[13, 33]]
48, 44, 11, 0.5052631578947369

"196.a1"	196	1	[]	0	[0, -1, 0, -142, 701]	[[7, 1]]
25, 68, 13, 0.2631578947368421

"196.a2"	196	1	[]	0	[0, -1, 0, -2, 1]	[[0, 1]]
41, 52, 13, 0.43157894736842106

"197.a1"	197	1	[]	0	[0, 0, 1, -5, 4]	[[1, 0]]
49, 45, 10, 0.5157894736842106

"201.a1"	201	1	[]	0	[0, -1, 1, 2, 0]	[[1, 1]]
45, 48, 9, 0.47368421052631576

"201.b1"	201	1	[]	0	[1, 0, 0, -1, 2]	[[-1, 2]]
51, 42, 14, 0.5368421052631579

"201.c1"	201	1	[]	0	[1, 1, 0, -794, 8289]	[[16, -7]]
53, 40, 13, 0.5578947368421052

"203.b1"	203	1	[]	0	[1, 1, 1, 0, -2]	[[2, 2]]
52, 41, 15, 0.5473684210526316

"208.a1"	208	1	[]	0	[0, -1, 0, -7352, 245104]	[[60, 128]]
26, 67, 6, 0.2736842105263158

"208.a2"	208	1	[]	0	[0, -1, 0, -72, 496]	[[36, 208]]
37, 56, 6, 0.3894736842105263

"208.a3"	208	1	[]	0	[0, -1, 0, 8, -16]	[[4, 8]]
25, 68, 6, 0.2631578947368421

"208.b1"	208	1	[]	0	[0, -1, 0, -16, 32]	[[4, 4]]
51, 42, 8, 0.5368421052631579

"209.a2"	209	1	[]	0	[0, 1, 1, 193, -308]	[[2, 9]]
36, 57, 2, 0.37894736842105264

"212.a1"	212	1	[]	0	[0, -1, 0, -4, 8]	[[2, 2]]
49, 44, 10, 0.5157894736842106

"214.a1"	214	1	[]	0	[1, 0, 1, 1, 0]	[[0, 0]]
52, 41, 15, 0.5473684210526316

"214.b1"	214	1	[]	0	[1, 0, 1, -193, 1012]	[[11, 10]]
46, 47, 14, 0.4842105263157895

"214.c1"	214	1	[]	0	[1, 0, 0, -12, 16]	[[0, 4]]
50, 43, 11, 0.5263157894736842

"215.a1"	215	1	[]	0	[0, 0, 1, -8, -12]	[[6, 12]]
51, 42, 15, 0.5368421052631579

"216.a1"	216	1	[]	0	[0, 0, 0, -12, 20]	[[-2, 6]]
46, 47, 14, 0.4842105263157895

"218.a2"	218	1	[]	0	[1, 0, 0, 18, -104]	[[36, 200]]
30, 63, 0, 0.3157894736842105

"219.a1"	219	1	[]	0	[0, -1, 1, -6, 8]	[[2, 0]]
46, 47, 16, 0.4842105263157895

"219.b1"	219	1	[]	0	[0, 1, 1, -27, -85]	[[23, 109]]
42, 51, 1, 0.4421052631578947

"225.a1"	225	1	[]	0	[0, 0, 1, -75, 256]	[[-5, 22]]
44, 49, 8, 0.4631578947368421

"225.a2"	225	1	[]	0	[0, 0, 1, 375, -12344]	[[100, 1012]]
33, 60, 8, 0.3473684210526316

"225.c1"	225	1	[]	-3	[0, 0, 1, 0, -34]	[[6, 13]]
24, 69, 12, 0.25263157894736843

"225.c2"	225	1	[]	-3	[0, 0, 1, 0, 1]	[[1, 1]]
37, 56, 12, 0.3894736842105263

"228.a1"	228	1	[]	0	[0, -1, 0, 3, 9]	[[3, 6]]
47, 45, 8, 0.49473684210526314

"229.a1"	229	1	[]	0	[1, 0, 0, -2, -1]	[[-1, 1]]
52, 42, 10, 0.5473684210526316

"232.a1"	232	1	[]	0	[0, -1, 0, 8, -4]	[[2, 4]]
51, 42, 12, 0.5368421052631579

"235.b1"	235	1	[]	0	[1, 1, 1, -5, 0]	[[-2, 3]]
45, 48, 12, 0.47368421052631576

"236.a1"	236	1	[]	0	[0, -1, 0, -1, 2]	[[1, 1]]
50, 43, 11, 0.5263157894736842

"242.b1"	242	1	[]	0	[1, 0, 0, -52, 144]	[[8, 12]]
38, 55, 7, 0.4

"242.b2"	242	1	[]	0	[1, 0, 0, 3, 1]	[[0, 1]]
20, 73, 7, 0.21052631578947367

"243.a1"	243	1	[]	-3	[0, 0, 1, 0, -1]	[[1, 0]]
30, 64, 1, 0.3157894736842105

"244.a1"	244	1	[]	0	[0, 0, 0, 1, 6]	[[-1, 2]]
48, 45, 7, 0.5052631578947369

"245.a1"	245	1	[]	0	[0, 0, 1, -7, 12]	[[7, 17]]
54, 39, 13, 0.5684210526315789

"245.c1"	245	1	[]	0	[0, -1, 1, -6435, 210006]	[[40, 122]]
46, 47, 7, 0.4842105263157895

"245.c2"	245	1	[]	0	[0, -1, 1, -65, -204]	[[12, 24]]
29, 64, 7, 0.30526315789473685

"245.c3"	245	1	[]	0	[0, -1, 1, 425, 433]	[[89, 857]]
29, 64, 7, 0.30526315789473685

"248.a1"	248	1	[]	0	[0, 1, 0, 0, 1]	[[0, 1]]
48, 45, 8, 0.5052631578947369

"248.c1"	248	1	[]	0	[0, 0, 0, 1, -1]	[[1, 1]]
44, 49, 8, 0.4631578947368421

"249.a1"	249	1	[]	0	[1, 1, 1, -55, 134]	[[4, -3]]
43, 50, 9, 0.45263157894736844

"249.b1"	249	1	[]	0	[1, 1, 0, 2, 1]	[[0, 1]]
47, 46, 12, 0.49473684210526314

"254.a1"	254	1	[]	0	[1, -1, 0, -5, -3]	[[-1, 1]]
55, 38, 8, 0.5789473684210527

"254.b1"	254	1	[]	0	[1, 0, 0, -24432, -1471934]	[[-36131/20, 361313/20]]
0, 93, 0, 0.0

"258.b1"	258	1	[]	0	[1, 1, 0, 3, -3]	[[2, 3]]
49, 43, 12, 0.5157894736842106

"258.c1"	258	1	[]	0	[1, 0, 1, -15, 22]	[[5, 6]]
48, 44, 14, 0.5052631578947369

"262.a1"	262	1	[]	0	[1, -1, 0, -2, 2]	[[1, 0]]
48, 45, 9, 0.5052631578947369

"262.b1"	262	1	[]	0	[1, 0, 0, 1, 25]	[[-2, 5]]
52, 41, 7, 0.5473684210526316

"269.a1"	269	1	[]	0	[0, 0, 1, -2, -1]	[[-1, 0]]
48, 46, 16, 0.5052631578947369

"273.a1"	273	1	[]	0	[0, -1, 1, -26, 68]	[[11, 31]]
50, 42, 11, 0.5263157894736842

"274.a1"	274	1	[]	0	[1, -1, 0, -2846, 59156]	[[31, -15]]
48, 45, 13, 0.5052631578947369

"274.c1"	274	1	[]	0	[1, 0, 0, -7, 9]	[[2, 1]]
51, 42, 9, 0.5368421052631579

"277.a1"	277	1	[]	0	[1, 0, 1, 0, -1]	[[1, 0]]
50, 44, 8, 0.5263157894736842

"278.b1"	278	1	[]	0	[1, 0, 0, -1, 9]	[[2, 3]]
49, 44, 10, 0.5157894736842106

"280.a1"	280	1	[]	0	[0, 0, 0, -412, 3316]	[[-18, 70]]
51, 41, 13, 0.5368421052631579

"280.b1"	280	1	[]	0	[0, -1, 0, -1, 5]	[[1, 2]]
49, 43, 10, 0.5157894736842106

"286.b1"	286	1	[]	0	[1, 1, 0, -33, 61]	[[1, 5]]
44, 48, 14, 0.4631578947368421

"286.c1"	286	1	[]	0	[1, 1, 1, 13, 177]	[[19, 78]]
49, 43, 8, 0.5157894736842106

"296.a1"	296	1	[]	0	[0, -1, 0, -9, 13]	[[1, 2]]
50, 43, 12, 0.5263157894736842

"296.b1"	296	1	[]	0	[0, -1, 0, -33, 85]	[[3, 2]]
43, 50, 8, 0.45263157894736844

"297.a1"	297	1	[]	0	[0, 0, 1, -81, 290]	[[15, 49]]
52, 41, 17, 0.5473684210526316

"297.b1"	297	1	[]	0	[1, -1, 1, 1, 0]	[[0, 0]]
45, 48, 12, 0.47368421052631576

"297.c1"	297	1	[]	0	[1, -1, 0, 12, -19]	[[4, 7]]
48, 45, 11, 0.5052631578947369

"298.a1"	298	1	[]	0	[1, -1, 0, 1, -1]	[[1, 0]]
45, 48, 5, 0.47368421052631576

"298.b1"	298	1	[]	0	[1, 0, 0, -19, 33]	[[2, 1]]
47, 46, 8, 0.49473684210526314

"302.b1"	302	1	[]	0	[1, -1, 1, 0, 3]	[[1, 1]]
54, 39, 13, 0.5684210526315789

"302.c2"	302	1	[]	0	[1, 1, 1, 1650, -27389]	[[803, 22399]]
38, 55, 1, 0.4

"303.a1"	303	1	[]	0	[0, 1, 1, -6, 2]	[[0, 1]]
49, 44, 13, 0.5157894736842106

"303.b1"	303	1	[]	0	[0, 1, 1, -197, -208]	[[-2, 13]]
50, 43, 10, 0.5263157894736842

"304.a1"	304	1	[]	0	[0, 1, 0, -21, 31]	[[3, 2]]
52, 41, 13, 0.5473684210526316

"304.b1"	304	1	[]	0	[0, -1, 0, -8, 16]	[[0, 4]]
49, 44, 14, 0.5157894736842106

"304.d1"	304	1	[]	0	[0, 1, 0, -1120, 15604]	[[-30, 152]]
49, 44, 9, 0.5157894736842106

"304.d2"	304	1	[]	0	[0, 1, 0, 0, -76]	[[10, 32]]
41, 52, 9, 0.43157894736842106

"308.a1"	308	1	[]	0	[0, -1, 0, -21, 49]	[[7, 14]]
50, 42, 14, 0.5263157894736842

"309.a1"	309	1	[]	0	[1, 0, 0, -6, 9]	[[3, 3]]
49, 44, 10, 0.5157894736842106

"314.a1"	314	1	[]	0	[1, -1, 0, 13, -11]	[[6, 13]]
49, 44, 8, 0.5157894736842106

"316.a1"	316	1	[]	0	[0, 0, 0, -7, -2]	[[-1, 2]]
53, 40, 13, 0.5578947368421052

"318.a1"	318	1	[]	0	[1, 1, 0, 7, -9]	[[5, 11]]
55, 37, 11, 0.5789473684210527

"318.d1"	318	1	[]	0	[1, 1, 1, -12, 45]	[[1, 5]]
54, 38, 11, 0.5684210526315789

"324.a1"	324	1	[]	0	[0, 0, 0, -189, -999]	[[-8, 1]]
0, 93, 0, 0.0

"325.b1"	325	1	[]	0	[0, -1, 1, -53, -132]	[[-4, 0]]
24, 69, 7, 0.25263157894736843

"325.b2"	325	1	[]	0	[0, -1, 1, -3, 3]	[[1, 0]]
40, 53, 7, 0.42105263157894735

"325.c1"	325	1	[]	0	[0, 1, 1, -1333, -19131]	[[-21, 6]]
34, 59, 2, 0.35789473684210527

"326.b1"	326	1	[]	0	[1, -1, 0, -80, -256]	[[-5, 3]]
50, 43, 12, 0.5263157894736842

"326.c1"	326	1	[]	0	[1, 0, 0, -6, 4]	[[0, 2]]
48, 45, 13, 0.5052631578947369

"327.a1"	327	1	[]	0	[1, 0, 0, 4, -3]	[[1, 1]]
48, 45, 12, 0.5052631578947369

"331.a1"	331	1	[]	0	[1, 0, 0, -5, 4]	[[1, 0]]
45, 49, 15, 0.47368421052631576

"333.b3"	333	1	[]	0	[0, 0, 1, -30, -63]	[[-3, 0]]
28, 65, 1, 0.29473684210526313

"335.a1"	335	1	[]	0	[0, 0, 1, -2, 2]	[[2, 2]]
46, 47, 7, 0.4842105263157895

"338.a1"	338	1	[]	0	[1, -1, 0, -35944, -2868878]	[[3613/3, 180227/3]]
23, 70, 4, 0.24210526315789474

"338.a2"	338	1	[]	0	[1, -1, 0, -454, 5812]	[[23, 73]]
43, 50, 5, 0.45263157894736844

"338.c1"	338	1	[]	0	[1, -1, 0, -389, -2859]	[[26, 51]]
37, 56, 5, 0.3894736842105263

"338.c2"	338	1	[]	0	[1, -1, 0, 1, 1]	[[0, 1]]
43, 50, 5, 0.45263157894736844

"338.d1"	338	1	[]	0	[1, 1, 1, -322, 2127]	[[5, 23]]
42, 51, 8, 0.4421052631578947

"338.d2"	338	1	[]	0	[1, 1, 1, 3, -5]	[[5, 10]]
36, 57, 8, 0.37894736842105264

"339.a1"	339	1	[]	0	[0, 1, 1, -2, 2]	[[1, 1]]
49, 44, 6, 0.5157894736842106

"339.b1"	339	1	[]	0	[0, 1, 1, -441, 3422]	[[18, 40]]
50, 43, 12, 0.5263157894736842

"344.a1"	344	1	[]	0	[0, 0, 0, 4, 4]	[[0, 2]]
48, 45, 11, 0.5052631578947369

"345.a1"	345	1	[]	0	[0, 1, 1, -100, 406]	[[5, 7]]
53, 39, 18, 0.5578947368421052

"345.d1"	345	1	[]	0	[0, 1, 1, -1, 1]	[[-1, 1]]
49, 43, 11, 0.5157894736842106

"346.a1"	346	1	[]	0	[1, 1, 1, -7, -3]	[[-1, 2]]
49, 44, 6, 0.5157894736842106

"347.a1"	347	1	[]	0	[0, 1, 1, 2, 0]	[[0, 0]]
44, 50, 13, 0.4631578947368421

"348.b1"	348	1	[]	0	[0, -1, 0, 2, 1]	[[0, 1]]
48, 44, 5, 0.5052631578947369

"348.c1"	348	1	[]	0	[0, 1, 0, -50, 129]	[[10, 27]]
46, 46, 10, 0.4842105263157895

"350.a1"	350	1	[]	0	[1, 1, 0, -45, -185]	[[31, 156]]
24, 68, 5, 0.25263157894736843

"350.a2"	350	1	[]	0	[1, 1, 0, 5, 5]	[[1, 3]]
40, 52, 5, 0.42105263157894735

"350.d1"	350	1	[]	0	[1, -1, 1, -180, 1047]	[[-1, 35]]
49, 43, 14, 0.5157894736842106

"352.a1"	352	1	[]	0	[0, 0, 0, 8, 112]	[[12, 44]]
47, 46, 15, 0.49473684210526314

"352.b1"	352	1	[]	0	[0, -1, 0, 3, -11]	[[3, 4]]
47, 46, 12, 0.49473684210526314

"352.c1"	352	1	[]	0	[0, -1, 0, -45, 133]	[[3, 4]]
45, 48, 13, 0.47368421052631576

"352.d1"	352	1	[]	0	[0, 1, 0, 3, 11]	[[1, 4]]
50, 43, 12, 0.5263157894736842

"354.a1"	354	1	[]	0	[1, 1, 0, -715, 7069]	[[13, 7]]
49, 43, 13, 0.5157894736842106

"354.d1"	354	1	[]	0	[1, 1, 1, -5, 11]	[[3, 4]]
49, 43, 12, 0.5157894736842106

"356.a1"	356	1	[]	0	[0, -1, 0, 4, -8]	[[2, 2]]
45, 48, 11, 0.47368421052631576

"357.a1"	357	1	[]	0	[0, 1, 1, -42, 110]	[[0, 10]]
49, 43, 8, 0.5157894736842106

"357.c1"	357	1	[]	0	[0, -1, 1, -5, -16]	[[4, 3]]
46, 46, 10, 0.4842105263157895

"359.a1"	359	1	[]	0	[1, -1, 1, -7, 8]	[[2, -1]]
50, 44, 10, 0.5263157894736842

"359.b1"	359	1	[]	0	[1, 0, 1, -23, 39]	[[3, -1]]
53, 41, 11, 0.5578947368421052

"361.a1"	361	1	[]	-19	[0, 0, 1, -13718, -619025]	[[2527, 126891]]
34, 60, 9, 0.35789473684210527

"361.a2"	361	1	[]	-19	[0, 0, 1, -38, 90]	[[0, 9]]
40, 54, 9, 0.42105263157894735

"362.a1"	362	1	[]	0	[1, 1, 0, -4, 2]	[[1, 0]]
49, 44, 15, 0.5157894736842106

"362.b1"	362	1	[]	0	[1, 1, 1, 6, 7]	[[1, 3]]
49, 44, 6, 0.5157894736842106

"364.a1"	364	1	[]	0	[0, 1, 0, -5, 7]	[[1, 2]]
47, 45, 8, 0.49473684210526314

"364.b1"	364	1	[]	0	[0, 0, 0, -584, 5444]	[[-8, 98]]
46, 46, 11, 0.4842105263157895

"366.b2"	366	1	[]	0	[1, 0, 1, 40, -538]	[[81, 691]]
33, 59, 0, 0.3473684210526316

"366.d1"	366	1	[]	0	[1, 1, 1, -32, 65]	[[-3, 13]]
48, 44, 8, 0.5052631578947369

"368.a1"	368	1	[]	0	[0, 0, 0, -55, 157]	[[4, 1]]
50, 43, 9, 0.5263157894736842

"368.b1"	368	1	[]	0	[0, -1, 0, -18, 43]	[[9, 23]]
41, 52, 6, 0.43157894736842106

"368.b2"	368	1	[]	0	[0, -1, 0, 2, -1]	[[1, 1]]
25, 68, 6, 0.2631578947368421

"368.e1"	368	1	[]	0	[0, 1, 0, 0, -1]	[[1, 1]]
50, 43, 13, 0.5263157894736842

"369.a1"	369	1	[]	0	[0, 0, 1, 6, 13]	[[1, 4]]
52, 41, 14, 0.5473684210526316

"371.a1"	371	1	[]	0	[1, 1, 0, -35, -98]	[[14, 42]]
52, 41, 14, 0.5473684210526316

"372.a1"	372	1	[]	0	[0, -1, 0, -6, 9]	[[0, 3]]
51, 41, 8, 0.5368421052631579

"372.b1"	372	1	[]	0	[0, 1, 0, -2, 9]	[[-2, 3]]
47, 45, 10, 0.49473684210526314

"373.a1"	373	1	[]	0	[0, 1, 1, -2, -2]	[[-1, 0]]
47, 47, 11, 0.49473684210526314

"378.b3"	378	1	[]	0	[1, -1, 0, 849, -25939]	[[62, 481]]
0, 92, 0, 0.0

"378.c1"	378	1	[]	0	[1, -1, 0, 0, 4]	[[2, 2]]
50, 42, 11, 0.5263157894736842

"381.a1"	381	1	[]	0	[0, 1, 1, -11, -16]	[[-2, 1]]
45, 48, 11, 0.47368421052631576

"387.b1"	387	1	[]	0	[1, -1, 1, -2, 2]	[[0, 1]]
49, 44, 12, 0.5157894736842106

"387.d1"	387	1	[]	0	[1, -1, 0, -15, -46]	[[10, 22]]
45, 48, 14, 0.47368421052631576

"392.a1"	392	1	[]	0	[0, 0, 0, -7, 7]	[[1, 1]]
48, 45, 16, 0.5052631578947369

"392.c1"	392	1	[]	0	[0, -1, 0, -16, 29]	[[-2, 7]]
52, 41, 24, 0.5473684210526316

"400.a1"	400	1	[]	0	[0, 0, 0, 5, 10]	[[1, 4]]
47, 46, 11, 0.49473684210526314

"400.d1"	400	1	[]	0	[0, -1, 0, -2008, 35312]	[[28, 16]]
21, 72, 3, 0.22105263157894736

"400.d2"	400	1	[]	0	[0, -1, 0, -1208, -19088]	[[92, 800]]
22, 71, 3, 0.23157894736842105

"400.d3"	400	1	[]	0	[0, -1, 0, -8, 112]	[[12, 40]]
32, 61, 3, 0.3368421052631579

"400.d4"	400	1	[]	0	[0, -1, 0, 8792, 140912]	[[68, 1024]]
14, 79, 3, 0.14736842105263157

"402.a1"	402	1	[]	0	[1, 1, 0, -2, -12]	[[4, 6]]
48, 44, 11, 0.5052631578947369

"402.b1"	402	1	[]	0	[1, 0, 1, -10255, -438718]	[[8799/5, 764372/5]]
0, 92, 0, 0.0

"404.b1"	404	1	[]	0	[0, 0, 0, -8, 4]	[[0, 2]]
47, 46, 14, 0.49473684210526314

"405.a1"	405	1	[]	0	[0, 0, 1, -3, -2]	[[-1, 0]]
49, 44, 12, 0.5157894736842106

"405.b1"	405	1	[]	0	[1, -1, 1, -2027, 35776]	[[76, 524]]
44, 49, 6, 0.4631578947368421

"405.b2"	405	1	[]	0	[1, -1, 1, -2, -26]	[[4, 2]]
41, 52, 6, 0.43157894736842106

"405.c1"	405	1	[]	0	[0, 0, 1, -108, -412]	[[-6, 4]]
32, 61, 1, 0.3368421052631579

"405.e1"	405	1	[]	0	[1, -1, 0, -225, -1250]	[[18, 8]]
22, 71, 7, 0.23157894736842105

"405.e2"	405	1	[]	0	[1, -1, 0, 0, 1]	[[0, 1]]
37, 56, 7, 0.3894736842105263

"406.b2"	406	1	[]	0	[1, 0, 1, 130, -5648]	[[37, 205]]
33, 59, 1, 0.3473684210526316

"406.d1"	406	1	[]	0	[1, 1, 1, -102, 355]	[[7, 3]]
51, 41, 7, 0.5368421052631579

"408.b1"	408	1	[]	0	[0, 1, 0, -17, 51]	[[7, 18]]
50, 42, 9, 0.5263157894736842

"416.a1"	416	1	[]	0	[0, -1, 0, 0, 4]	[[0, 2]]
52, 41, 11, 0.5473684210526316

"418.a1"	418	1	[]	0	[1, 1, 1, 66, -5]	[[5, 19]]
49, 43, 9, 0.5157894736842106

"422.a1"	422	1	[]	0	[1, -1, 0, 1, -3]	[[2, 1]]
47, 46, 12, 0.49473684210526314

"423.a1"	423	1	[]	0	[0, 0, 1, -9, 10]	[[1, 1]]
51, 42, 17, 0.5368421052631579

"423.b1"	423	1	[]	0	[0, 0, 1, -237, 1404]	[[8, 4]]
46, 47, 9, 0.4842105263157895

"423.c1"	423	1	[]	0	[0, 0, 1, -12, 4]	[[-2, 4]]
44, 49, 11, 0.4631578947368421

