surjcount, notsurjcount, primeordercount, surjpercentage
"389.a1"	389	2	[]	0	[0, 1, 1, -2, 0]	[[0, 0], [1, 0]]
64, 30, 13, 0.6808510638297872

"433.a1"	433	2	[]	0	[1, 0, 0, 0, 1]	[[0, 1], [-1, 1]]
58, 36, 10, 0.6170212765957447

"446.a1"	446	2	[]	0	[1, -1, 0, -4, 4]	[[2, 0], [1, 0]]
64, 29, 14, 0.6881720430107527

"563.a1"	563	2	[]	0	[1, 1, 1, -15, 16]	[[2, -2], [4, 4]]
67, 28, 12, 0.7052631578947368

"571.a1"	571	2	[]	0	[0, 1, 1, -4, 2]	[[1, 0], [0, 1]]
67, 28, 6, 0.7052631578947368

"643.a1"	643	2	[]	0	[1, 0, 0, -4, 3]	[[1, 0], [2, 1]]
63, 32, 9, 0.6631578947368421

"655.a1"	655	2	[]	0	[0, 0, 1, -13, 18]	[[1, 2], [3, 2]]
63, 30, 10, 0.6774193548387096

"664.a1"	664	2	[]	0	[0, 0, 0, -7, 10]	[[1, 2], [3, 4]]
58, 35, 9, 0.6236559139784946

"681.a1"	681	2	[]	0	[0, -1, 1, 0, 2]	[[0, 1], [3, 4]]
63, 30, 16, 0.6774193548387096

"707.a1"	707	2	[]	0	[0, 1, 1, -12, 12]	[[3, 3], [1, 1]]
65, 28, 6, 0.6989247311827957

"709.a1"	709	2	[]	0	[0, -1, 1, -2, 0]	[[0, 0], [-1, 0]]
67, 28, 11, 0.7052631578947368

"718.a1"	718	2	[]	0	[1, 0, 1, -5, 0]	[[-1, 2], [3, 2]]
68, 25, 12, 0.7311827956989247

"794.a1"	794	2	[]	0	[1, 0, 1, -3, 2]	[[1, 0], [-1, 2]]
56, 37, 13, 0.6021505376344086

"817.a1"	817	2	[]	0	[0, 1, 1, 1, 6]	[[4, 9], [-3/2, 15/2]]
64, 29, 13, 0.6881720430107527

"916.a1"	916	2	[]	0	[0, 0, 0, -4, 1]	[[0, 1], [2, 1]]
62, 31, 9, 0.6666666666666666

"944.a1"	944	2	[]	0	[0, 0, 0, -19, 34]	[[1, 4], [3, 2]]
60, 33, 11, 0.6451612903225806

"997.a1"	997	2	[]	0	[0, -1, 1, -24, 54]	[[3, 0], [1, 5]]
68, 27, 13, 0.7157894736842105

"997.c1"	997	2	[]	0	[0, -1, 1, -5, -3]	[[-1, 0], [-3/2, -3/2]]
69, 26, 10, 0.7263157894736842

"1001.a1"	1001	2	[]	0	[0, 0, 1, -199, 1092]	[[20, 71], [-13, 38]]
59, 33, 15, 0.6413043478260869

"1028.a1"	1028	2	[]	0	[0, 1, 0, -10, 9]	[[2, 1], [0, 3]]
57, 36, 11, 0.6129032258064516

"1034.a1"	1034	2	[]	0	[1, 0, 1, -12, 14]	[[2, -1], [1, 1]]
62, 30, 9, 0.6739130434782609

"1058.a1"	1058	2	[]	0	[1, 0, 1, -115, 462]	[[7, 0], [4, 6]]
53, 40, 7, 0.5698924731182796

"1058.a2"	1058	2	[]	0	[1, 0, 1, 0, 2]	[[-1, 1], [1, 1]]
50, 43, 7, 0.5376344086021505

"1070.a1"	1070	2	[]	0	[1, -1, 0, -10, 16]	[[3, 1], [-2, 6]]
60, 32, 9, 0.6521739130434783

"1073.a1"	1073	2	[]	0	[0, -1, 1, -45, 132]	[[-2, 14], [4, 0]]
65, 28, 11, 0.6989247311827957

"1077.a1"	1077	2	[]	0	[1, 1, 1, -27, 42]	[[4, 2], [2, 0]]
66, 27, 12, 0.7096774193548387

"1094.a1"	1094	2	[]	0	[1, 0, 1, -7, 6]	[[1, 0], [2, 0]]
62, 32, 11, 0.6595744680851063

"1102.a1"	1102	2	[]	0	[1, 1, 0, -29, 61]	[[-1, 10], [18, 67]]
59, 33, 12, 0.6413043478260869

"1126.a1"	1126	2	[]	0	[1, -1, 0, 2, 4]	[[0, 2], [4, 6]]
67, 27, 12, 0.7127659574468085

"1132.a1"	1132	2	[]	0	[0, 1, 0, -5, 4]	[[1, 1], [-1, 3]]
64, 29, 13, 0.6881720430107527

"1137.a1"	1137	2	[]	0	[1, 1, 1, -2, 2]	[[0, 1], [3, 4]]
60, 33, 8, 0.6451612903225806

"1141.a1"	1141	2	[]	0	[1, 0, 0, -27, 94]	[[9, 20], [23, 97]]
66, 27, 11, 0.7096774193548387

"1143.a1"	1143	2	[]	0	[0, 0, 1, -39, 90]	[[2, 4], [11, 31]]
61, 32, 13, 0.6559139784946236

"1147.b1"	1147	2	[]	0	[0, -1, 1, -9, 9]	[[7, 15], [-3/2, 27/2]]
60, 33, 13, 0.6451612903225806

"1171.a1"	1171	2	[]	0	[1, -1, 1, -3, 0]	[[0, 0], [-1, 1]]
67, 28, 10, 0.7052631578947368

"1246.a1"	1246	2	[]	0	[1, -1, 0, -1, 13]	[[6, 11], [-1, 4]]
59, 33, 7, 0.6413043478260869

"1309.a1"	1309	2	[]	0	[0, -1, 1, -22, 52]	[[-1, 8], [2, 3]]
65, 27, 12, 0.7065217391304348

"1324.a1"	1324	2	[]	0	[0, 1, 0, 3, 4]	[[-1, 1], [1, 3]]
63, 30, 15, 0.6774193548387096

"1325.a1"	1325	2	[]	0	[0, 1, 1, -8, -6]	[[-2, 2], [8, 22]]
62, 31, 7, 0.6666666666666666

"1431.a1"	1431	2	[]	0	[1, -1, 1, -29, -26]	[[-2, 5], [16, 50]]
63, 30, 8, 0.6774193548387096

"1436.a1"	1436	2	[]	0	[0, 1, 0, -12, 4]	[[0, 2], [4, 6]]
63, 30, 9, 0.6774193548387096

"1446.a1"	1446	2	[]	0	[1, 1, 0, -4, 4]	[[1, 1], [-2, 4]]
63, 29, 12, 0.6847826086956522

"1466.b1"	1466	2	[]	0	[1, -1, 1, -42, 105]	[[1, 7], [9, 15]]
57, 37, 15, 0.6063829787234043

"1477.a1"	1477	2	[]	0	[1, 0, 0, -6, 7]	[[-1, 4], [1, 1]]
60, 33, 9, 0.6451612903225806

"1480.a1"	1480	2	[]	0	[0, 0, 0, -28, 52]	[[6, 10], [2, 2]]
62, 30, 13, 0.6739130434782609

"1483.a1"	1483	2	[]	0	[0, 1, 1, 2, 2]	[[-1, 0], [0, 1]]
59, 36, 13, 0.6210526315789474

"1531.a1"	1531	2	[]	0	[0, 0, 1, -14, 20]	[[2, 0], [9/2, -7/2]]
62, 33, 13, 0.6526315789473685

"1534.a1"	1534	2	[]	0	[1, -1, 0, 5, 37]	[[1, 6], [14, 45]]
60, 32, 11, 0.6521739130434783

"1570.a1"	1570	2	[]	0	[1, 0, 1, -4, 6]	[[3, 3], [-2, 3]]
60, 32, 8, 0.6521739130434783

"1576.a1"	1576	2	[]	0	[0, 1, 0, -9, -5]	[[-1, 2], [3, 2]]
66, 27, 5, 0.7096774193548387

"1591.a1"	1591	2	[]	0	[0, 0, 1, -71, 552]	[[-9, 21], [91/3, 782/3]]
66, 27, 13, 0.7096774193548387

"1594.a1"	1594	2	[]	0	[1, -1, 1, -27, 75]	[[3, 2], [11, 26]]
66, 28, 15, 0.7021276595744681

"1608.a1"	1608	2	[]	0	[0, -1, 0, -25, 61]	[[1, 6], [5, 6]]
65, 27, 13, 0.7065217391304348

"1611.a1"	1611	2	[]	0	[0, 0, 1, -9, 20]	[[0, 4], [3, 4]]
67, 26, 12, 0.7204301075268817

"1613.a1"	1613	2	[]	0	[0, 1, 1, -3, 0]	[[0, 0], [-2, 1]]
66, 29, 14, 0.6947368421052632

"1621.a1"	1621	2	[]	0	[1, -1, 1, -4, 4]	[[1, 0], [2, 0]]
73, 22, 9, 0.7684210526315789

"1627.a1"	1627	2	[]	0	[1, 1, 1, -3, -2]	[[-1, 1], [-2, 1]]
67, 28, 10, 0.7052631578947368

"1639.a1"	1639	2	[]	0	[1, -1, 1, -6, 6]	[[2, -1], [1, 0]]
68, 25, 12, 0.7311827956989247

"1641.a1"	1641	2	[]	0	[0, -1, 1, -4, 6]	[[1, 1], [-2, 1]]
64, 30, 9, 0.6808510638297872

"1642.a1"	1642	2	[]	0	[1, 1, 0, -1, 5]	[[-2, 3], [2, 3]]
65, 29, 15, 0.6914893617021277

"1653.a1"	1653	2	[]	0	[0, -1, 1, -27, 182]	[[0, 13], [-4, 14]]
61, 31, 9, 0.6630434782608695

"1662.a1"	1662	2	[]	0	[1, 1, 0, -27, 45]	[[2, 1], [3, 0]]
64, 28, 9, 0.6956521739130435

"1664.a1"	1664	2	[]	0	[0, 0, 0, -4, 16]	[[2, 4], [-2, 4]]
65, 28, 6, 0.6989247311827957

"1674.a1"	1674	2	[]	0	[1, -1, 0, -9, 9]	[[0, 3], [6, 9]]
59, 33, 11, 0.6413043478260869

"1688.a1"	1688	2	[]	0	[0, 1, 0, -12, 16]	[[2, 2], [0, 4]]
64, 29, 14, 0.6881720430107527

"1696.a1"	1696	2	[]	0	[0, 0, 0, -76, 256]	[[6, 4], [-2, 20]]
68, 25, 12, 0.7311827956989247

"1696.c1"	1696	2	[]	0	[0, -1, 0, 15, 1]	[[1, 4], [9, 28]]
68, 25, 11, 0.7311827956989247

"1701.a1"	1701	2	[]	0	[0, 0, 1, -27, 56]	[[-3, 10], [3, 1]]
64, 29, 12, 0.6881720430107527

"1712.b1"	1712	2	[]	0	[0, -1, 0, 0, 16]	[[0, 4], [4, 8]]
60, 33, 12, 0.6451612903225806

"1717.b1"	1717	2	[]	0	[0, -1, 1, -4, 4]	[[1, 0], [2, 0]]
59, 34, 9, 0.6344086021505376

"1732.a1"	1732	2	[]	0	[0, 1, 0, -44, 100]	[[4, 2], [3, 2]]
63, 30, 10, 0.6774193548387096

"1738.a1"	1738	2	[]	0	[1, 1, 0, -14, 4]	[[8, 18], [-3, 7]]
62, 30, 11, 0.6739130434782609

"1745.a1"	1745	2	[]	0	[0, -1, 1, -6, 6]	[[3, 2], [-2, 2]]
61, 32, 11, 0.6559139784946236

"1748.c1"	1748	2	[]	0	[0, -1, 0, -90, 361]	[[10, 19], [4, 7]]
60, 32, 8, 0.6521739130434783

"1793.a1"	1793	2	[]	0	[0, 1, 1, 6, 6]	[[2, 5], [0, 2]]
66, 27, 10, 0.7096774193548387

"1832.a1"	1832	2	[]	0	[0, -1, 0, -27, 64]	[[3, 1], [7, 13]]
60, 33, 8, 0.6451612903225806

"1856.d1"	1856	2	[]	0	[0, -1, 0, -17, 49]	[[5, 8], [-3, 8]]
45, 48, 7, 0.4838709677419355

"1856.d2"	1856	2	[]	0	[0, -1, 0, 143, -751]	[[37, 232], [13, 56]]
49, 44, 7, 0.5268817204301075

"1862.a2"	1862	2	[]	0	[1, 0, 1, 170, 1320]	[[13, 69], [32, 183]]
45, 47, 0, 0.4891304347826087

"1873.a1"	1873	2	[]	0	[1, -1, 1, -1, 2]	[[0, 1], [-1, 1]]
72, 23, 8, 0.7578947368421053

"1887.a1"	1887	2	[]	0	[1, 1, 1, -17, 20]	[[3, 1], [2, -2]]
65, 27, 5, 0.7065217391304348

"1888.b1"	1888	2	[]	0	[0, -1, 0, -2, 4]	[[0, 2], [2, 2]]
63, 30, 13, 0.6774193548387096

"1907.a1"	1907	2	[]	0	[1, -1, 1, -46, 130]	[[4, -2], [10, 19]]
63, 32, 14, 0.6631578947368421

"1909.a1"	1909	2	[]	0	[0, 0, 1, -4, 2]	[[0, 1], [2, 1]]
66, 27, 11, 0.7096774193548387

"1913.a1"	1913	2	[]	0	[1, 1, 0, -202, 1025]	[[8, -3], [125/4, -245/4]]
66, 29, 13, 0.6947368421052632

"1917.a1"	1917	2	[]	0	[1, -1, 1, -41, 110]	[[3, 1], [4, -2]]
66, 27, 14, 0.7096774193548387

"1922.a1"	1922	2	[]	0	[1, 1, 0, -159, 709]	[[6, 1], [22, 81]]
51, 42, 12, 0.5483870967741935

"1922.a2"	1922	2	[]	0	[1, 1, 0, -4, -4]	[[-2, 2], [-1, 1]]
47, 46, 12, 0.5053763440860215

"1933.a1"	1933	2	[]	0	[1, 0, 0, 1, -2]	[[1, 0], [2, 2]]
66, 29, 11, 0.6947368421052632

"1952.a1"	1952	2	[]	0	[0, 1, 0, -17, 31]	[[3, 4], [1, 4]]
62, 31, 6, 0.6666666666666666

"1957.a1"	1957	2	[]	0	[1, 1, 1, -8, -12]	[[-2, 1], [4, 4]]
66, 27, 12, 0.7096774193548387

"1957.b1"	1957	2	[]	0	[1, 1, 0, -522, 4315]	[[6, 35], [82, 681]]
62, 31, 13, 0.6666666666666666

"1964.a1"	1964	2	[]	0	[0, 0, 0, -16, 25]	[[2, 1], [4, 5]]
61, 32, 8, 0.6559139784946236

"2006.a1"	2006	2	[]	0	[1, 1, 0, -88, 284]	[[7, 5], [4, 2]]
61, 31, 14, 0.6630434782608695

"2007.a1"	2007	2	[]	0	[1, -1, 1, -14, 42]	[[2, 3], [5, 6]]
64, 29, 9, 0.6881720430107527

"2015.a1"	2015	2	[]	0	[0, 0, 1, -127, 552]	[[7, 2], [5, 6]]
66, 26, 14, 0.717391304347826

"2021.a1"	2021	2	[]	0	[0, 0, 1, -65, 202]	[[10, 23], [4, 2]]
64, 29, 12, 0.6881720430107527

"2023.a1"	2023	2	[]	0	[1, -1, 1, -12, 0]	[[-2, 4], [12, 32]]
66, 27, 11, 0.7096774193548387

"2027.a1"	2027	2	[]	0	[0, -1, 1, -8, 12]	[[2, 0], [3, 2]]
62, 33, 11, 0.6526315789473685

"2031.a1"	2031	2	[]	0	[0, 1, 1, -130, 520]	[[5, 4], [-13, 13]]
67, 27, 10, 0.7127659574468085

"2032.a1"	2032	2	[]	0	[0, 1, 0, -16, -12]	[[-2, 4], [6, 12]]
62, 31, 11, 0.6666666666666666

"2038.a1"	2038	2	[]	0	[1, 0, 0, -10, 36]	[[4, 6], [-4, 6]]
59, 35, 8, 0.6276595744680851

"2045.a1"	2045	2	[]	0	[1, 1, 1, -10, 12]	[[2, 1], [3/2, 13/2]]
62, 31, 6, 0.6666666666666666

"2051.a1"	2051	2	[]	0	[1, -1, 1, -9, 12]	[[2, -2], [1, 1]]
68, 25, 13, 0.7311827956989247

"2056.a1"	2056	2	[]	0	[0, 1, 0, -4, -3]	[[-2, 1], [-1, 1]]
61, 32, 7, 0.6559139784946236

"2059.a1"	2059	2	[]	0	[0, 1, 1, -36, 72]	[[3, 0], [5, 6]]
64, 29, 12, 0.6881720430107527

"2089.a1"	2089	2	[]	0	[1, -1, 1, -39, 102]	[[4, -3], [2, 4]]
65, 30, 7, 0.6842105263157895

"2103.b1"	2103	2	[]	0	[0, -1, 1, -69, 245]	[[5, 0], [3, 7]]
69, 25, 11, 0.7340425531914894

"2117.a1"	2117	2	[]	0	[0, 1, 1, -8, 6]	[[1, 0], [2, 1]]
71, 22, 15, 0.7634408602150538

"2123.a1"	2123	2	[]	0	[0, 0, 1, -1, 2]	[[0, 1], [1, 1]]
65, 28, 11, 0.6989247311827957

"2146.a1"	2146	2	[]	0	[1, 1, 0, 2, -76]	[[7, 15], [4, 2]]
63, 29, 12, 0.6847826086956522

"2152.a1"	2152	2	[]	0	[0, 1, 0, -17, 19]	[[3, 2], [1, 2]]
61, 32, 13, 0.6559139784946236

"2173.b1"	2173	2	[]	0	[1, 1, 0, -131, 526]	[[14, 34], [6, -2]]
64, 29, 10, 0.6881720430107527

"2181.a1"	2181	2	[]	0	[1, 1, 1, 3, 0]	[[0, 0], [2, 3]]
63, 31, 9, 0.6702127659574468

"2215.a1"	2215	2	[]	0	[0, 0, 1, -37, 90]	[[3, 2], [-7, 2]]
57, 36, 7, 0.6129032258064516

"2224.a1"	2224	2	[]	0	[0, 1, 0, -56, 148]	[[6, 8], [4, 2]]
62, 31, 12, 0.6666666666666666

"2251.a1"	2251	2	[]	0	[0, 0, 1, 1, 2]	[[-1, 0], [0, 1]]
58, 37, 7, 0.6105263157894737

"2253.a1"	2253	2	[]	0	[1, 1, 1, -4, 2]	[[1, 0], [0, 1]]
64, 30, 13, 0.6808510638297872

"2257.a1"	2257	2	[]	0	[0, 1, 1, -15, -20]	[[10, 30], [-2, 2]]
65, 28, 13, 0.6989247311827957

"2259.a1"	2259	2	[]	0	[0, 0, 1, -39, 112]	[[7, 13], [-2, 13]]
59, 34, 7, 0.6344086021505376

"2259.c1"	2259	2	[]	0	[0, 0, 1, 42, -153]	[[11, 40], [5, 13]]
63, 30, 10, 0.6774193548387096

"2265.a1"	2265	2	[]	0	[0, -1, 1, -30, 128]	[[-1, 12], [-6, 7]]
65, 27, 7, 0.7065217391304348

"2271.a1"	2271	2	[]	0	[0, 1, 1, -44, 98]	[[4, 1], [1, 7]]
57, 37, 6, 0.6063829787234043

"2282.a1"	2282	2	[]	0	[1, 0, 1, -10, 12]	[[1, 1], [-3, 5]]
68, 24, 8, 0.7391304347826086

"2284.a1"	2284	2	[]	0	[0, 1, 0, 11, -9]	[[1, 2], [5, 14]]
62, 32, 8, 0.6595744680851063

"2299.a1"	2299	2	[]	0	[0, 0, 1, 11, 30]	[[3, 9], [0, 5]]
66, 27, 13, 0.7096774193548387

"2330.a1"	2330	2	[]	0	[1, 1, 0, 2, 8]	[[-1, 3], [4, 8]]
59, 33, 11, 0.6413043478260869

"2343.a1"	2343	2	[]	0	[0, -1, 1, -12, 20]	[[3, 1], [2, 0]]
61, 31, 9, 0.6630434782608695

"2345.a1"	2345	2	[]	0	[0, 1, 1, -50, 354]	[[6, 17], [16, 62]]
62, 30, 16, 0.6739130434782609

"2350.a1"	2350	2	[]	0	[1, -1, 0, -7, 1]	[[-1, 3], [4, 3]]
62, 30, 8, 0.6739130434782609

"2350.b1"	2350	2	[]	0	[1, 1, 0, -4400, -105500]	[[330, 5710], [-46, 70]]
56, 36, 5, 0.6086956521739131

"2350.b2"	2350	2	[]	0	[1, 1, 0, -900, 10000]	[[15, 5], [40, 180]]
54, 38, 5, 0.5869565217391305

"2366.a2"	2366	2	[]	0	[1, 0, 1, 165, 22310]	[[79, 688], [23, 184]]
49, 43, 0, 0.532608695652174

"2384.a1"	2384	2	[]	0	[0, 0, 0, 13, 50]	[[1, 8], [17, 72]]
62, 31, 5, 0.6666666666666666

"2388.a1"	2388	2	[]	0	[0, -1, 0, -2, 9]	[[2, 3], [-1, 3]]
56, 36, 7, 0.6086956521739131

"2405.a1"	2405	2	[]	0	[0, -1, 1, -16, 22]	[[11, 32], [-2, 6]]
63, 29, 10, 0.6847826086956522

"2406.b1"	2406	2	[]	0	[1, 0, 1, -33, 112]	[[5, 6], [2, 6]]
63, 29, 12, 0.6847826086956522

"2409.b1"	2409	2	[]	0	[0, 1, 1, -32, 212]	[[-5, 16], [1, 13]]
65, 27, 7, 0.7065217391304348

"2424.a1"	2424	2	[]	0	[0, -1, 0, -17, 21]	[[5, 6], [-1, 6]]
58, 34, 6, 0.6304347826086957

"2429.a1"	2429	2	[]	0	[0, -1, 1, -68, 240]	[[6, 3], [21/2, 1/2]]
58, 35, 10, 0.6236559139784946

"2429.b1"	2429	2	[]	0	[1, -1, 1, -4, 2]	[[0, 1], [2, -2]]
66, 27, 10, 0.7096774193548387

"2432.a1"	2432	2	[]	0	[0, -1, 0, -9, 25]	[[1, 4], [-3, 4]]
64, 29, 11, 0.6881720430107527

"2433.a1"	2433	2	[]	0	[0, 1, 1, -2, 110]	[[4, 13], [-2, 10]]
62, 32, 10, 0.6595744680851063

"2439.a1"	2439	2	[]	0	[0, 0, 1, -21, 0]	[[-4, 4], [-1, 4]]
55, 38, 13, 0.5913978494623656

"2445.a1"	2445	2	[]	0	[0, -1, 1, 4, 26]	[[8, 22], [-1, 4]]
60, 32, 10, 0.6521739130434783

"2446.a1"	2446	2	[]	0	[1, 0, 1, -17, 24]	[[2, -1], [3, 0]]
60, 34, 8, 0.6382978723404256

"2451.b1"	2451	2	[]	0	[0, -1, 1, 22, 2312]	[[55, 408], [17, 85]]
65, 27, 13, 0.7065217391304348

"2455.a1"	2455	2	[]	0	[1, -1, 1, -3, 6]	[[0, 2], [5, 7]]
59, 34, 12, 0.6344086021505376

"2458.a1"	2458	2	[]	0	[1, 0, 1, -9, 8]	[[1, 0], [2, -1]]
62, 32, 12, 0.6595744680851063

"2458.c1"	2458	2	[]	0	[1, -1, 0, -56, 176]	[[4, 0], [-4, 20]]
59, 35, 13, 0.6276595744680851

"2458.d1"	2458	2	[]	0	[1, 0, 0, -57, 121]	[[2, 3], [-6, 19]]
68, 26, 13, 0.723404255319149

"2466.a1"	2466	2	[]	0	[1, -1, 0, -36, 108]	[[3, 3], [6, 6]]
66, 26, 14, 0.717391304347826

"2474.a1"	2474	2	[]	0	[1, -1, 1, -6, 21]	[[1, 3], [-3, 3]]
61, 33, 13, 0.648936170212766

"2492.b1"	2492	2	[]	0	[0, -1, 0, -92, 376]	[[2, 14], [30, 154]]
59, 33, 13, 0.6413043478260869

"2493.a1"	2493	2	[]	0	[1, -1, 1, 4, 20]	[[0, 4], [9, 22]]
65, 28, 10, 0.6989247311827957

"2517.a1"	2517	2	[]	0	[1, 0, 0, -12, 9]	[[0, 3], [3, 0]]
63, 31, 7, 0.6702127659574468

"2528.a1"	2528	2	[]	0	[0, -1, 0, -17, 1]	[[-3, 4], [5, 4]]
62, 31, 15, 0.6666666666666666

"2534.d1"	2534	2	[]	0	[1, -1, 1, -312, 2235]	[[-3, 57], [9, 5]]
62, 30, 10, 0.6739130434782609

"2537.a1"	2537	2	[]	0	[0, 1, 1, 162, -708]	[[26, 147], [144, 1740]]
61, 32, 16, 0.6559139784946236

"2541.c1"	2541	2	[]	0	[1, 1, 1, 3, 12]	[[0, 3], [7, 17]]
67, 25, 13, 0.7282608695652174

"2544.a1"	2544	2	[]	0	[0, -1, 0, -32, 96]	[[4, 4], [-4, 12]]
62, 30, 11, 0.6739130434782609

"2548.a1"	2548	2	[]	0	[0, 0, 0, -49, 49]	[[21, 91], [-5, 13]]
61, 31, 25, 0.6630434782608695

"2552.a1"	2552	2	[]	0	[0, -1, 0, -137, 1069]	[[9, 22], [75, 638]]
60, 32, 7, 0.6521739130434783

"2554.b1"	2554	2	[]	0	[1, -1, 1, -24, 27]	[[-3, 9], [5, 1]]
68, 26, 12, 0.723404255319149

"2563.b1"	2563	2	[]	0	[1, 0, 0, -9, 28]	[[-3, 7], [-1/2, 45/2]]
67, 26, 13, 0.7204301075268817

"2598.a1"	2598	2	[]	0	[1, 1, 0, -56, 144]	[[5, 2], [-4, 20]]
58, 34, 9, 0.6304347826086957

"2601.a1"	2601	2	[]	0	[0, 0, 1, -7599, 254970]	[[47, 40], [-34, 688]]
58, 35, 7, 0.6236559139784946

"2601.a2"	2601	2	[]	0	[0, 0, 1, 51, 72]	[[17, 76], [-1, 4]]
62, 31, 7, 0.6666666666666666

"2611.b1"	2611	2	[]	0	[0, -1, 1, -414, 3384]	[[12, 0], [9, 17]]
64, 29, 9, 0.6881720430107527

"2619.a1"	2619	2	[]	0	[1, -1, 1, -14, 24]	[[2, 0], [3, 0]]
67, 26, 8, 0.7204301075268817

"2620.c1"	2620	2	[]	0	[0, -1, 0, 19, 25]	[[3, 10], [23, 110]]
62, 30, 11, 0.6739130434782609

"2623.a1"	2623	2	[]	0	[1, 0, 1, -144, 1175]	[[17, 52], [-7, 46]]
59, 34, 12, 0.6344086021505376

"2648.a1"	2648	2	[]	0	[0, 1, 0, -7, 6]	[[1, 1], [2, 2]]
61, 32, 9, 0.6559139784946236

"2658.a1"	2658	2	[]	0	[1, 1, 0, -16, 16]	[[4, 4], [1, 1]]
62, 30, 7, 0.6739130434782609

"2666.a1"	2666	2	[]	0	[1, 0, 1, -4, 0]	[[0, 0], [2, 0]]
59, 33, 17, 0.6413043478260869

"2666.c1"	2666	2	[]	0	[1, 0, 0, -2467, -45471]	[[-28, 57], [402, 7797]]
51, 41, 0, 0.5543478260869565

"2674.a1"	2674	2	[]	0	[1, -1, 0, -43, 709]	[[-2, 29], [19, 71]]
68, 24, 8, 0.7391304347826086

"2674.b1"	2674	2	[]	0	[1, 1, 0, 4, 4]	[[0, 2], [-1, 1]]
66, 26, 10, 0.717391304347826

"2677.a1"	2677	2	[]	0	[1, 1, 1, -4, 0]	[[0, 0], [-1, 2]]
64, 31, 14, 0.6736842105263158

"2678.a1"	2678	2	[]	0	[1, 0, 1, -107, 414]	[[6, -4], [4, 5]]
66, 26, 15, 0.717391304347826

"2678.i1"	2678	2	[]	0	[1, 0, 0, -35, 1]	[[-2, 9], [14, 41]]
59, 33, 10, 0.6413043478260869

"2679.a1"	2679	2	[]	0	[0, -1, 1, -132, 332]	[[-10, 23], [4/3, 433/3]]
71, 21, 12, 0.7717391304347826

"2710.a1"	2710	2	[]	0	[1, -1, 0, -139, 673]	[[12, 19], [-8, 39]]
66, 26, 11, 0.717391304347826

"2710.b1"	2710	2	[]	0	[1, 1, 0, -3, 13]	[[-2, 5], [6, 13]]
67, 25, 11, 0.7282608695652174

"2718.a1"	2718	2	[]	0	[1, -1, 0, -99, 409]	[[8, 5], [-1, 23]]
62, 30, 8, 0.6739130434782609

"2718.b1"	2718	2	[]	0	[1, -1, 0, 12, 16]	[[0, 4], [8, 20]]
63, 29, 9, 0.6847826086956522

"2724.a1"	2724	2	[]	0	[0, -1, 0, -149, 753]	[[7, 2], [11, 18]]
57, 35, 10, 0.6195652173913043

"2728.b1"	2728	2	[]	0	[0, 1, 0, -32, 61]	[[6, 11], [2, 3]]
62, 30, 9, 0.6739130434782609

"2728.c1"	2728	2	[]	0	[0, 0, 0, -119, 619]	[[-9, 31], [43/3, 341/3]]
62, 30, 10, 0.6739130434782609

"2735.a1"	2735	2	[]	0	[0, 1, 1, -6, 6]	[[2, 2], [-3, 2]]
64, 30, 8, 0.6808510638297872

"2738.c1"	2738	2	[]	0	[1, 0, 0, -47, 121]	[[4, -3], [2, 5]]
48, 45, 5, 0.5161290322580645

"2738.c2"	2738	2	[]	0	[1, 0, 0, 138, 676]	[[12, 58], [44, 282]]
56, 37, 5, 0.6021505376344086

"2757.a1"	2757	2	[]	0	[0, 1, 1, -20, 20]	[[4, 4], [1, 1]]
67, 27, 9, 0.7127659574468085

"2766.a1"	2766	2	[]	0	[1, 1, 0, -9, 9]	[[0, 3], [2, 1]]
59, 33, 11, 0.6413043478260869

"2768.a1"	2768	2	[]	0	[0, 0, 0, -19, -14]	[[-3, 4], [-1, 2]]
61, 32, 12, 0.6559139784946236

"2768.b1"	2768	2	[]	0	[0, -1, 0, -256, 1664]	[[8, 8], [2, 34]]
67, 26, 9, 0.7204301075268817

"2781.a1"	2781	2	[]	0	[0, 0, 1, -21, 36]	[[2, 1], [3, 0]]
66, 27, 8, 0.7096774193548387

"2785.a1"	2785	2	[]	0	[0, 1, 1, -6, 0]	[[-1, 2], [4, 7]]
62, 32, 11, 0.6595744680851063

"2788.a1"	2788	2	[]	0	[0, -1, 0, -14, 25]	[[2, 1], [3, 1]]
62, 30, 12, 0.6739130434782609

"2792.a1"	2792	2	[]	0	[0, -1, 0, -49, 149]	[[5, 2], [1, 10]]
61, 32, 12, 0.6559139784946236

"2797.a1"	2797	2	[]	0	[0, 1, 1, -9, -14]	[[-2, 0], [-20/3, -1/3]]
62, 33, 13, 0.6526315789473685

"2813.a1"	2813	2	[]	0	[1, 1, 0, 4, 1]	[[0, 1], [-1/2, 3/2]]
58, 35, 9, 0.6236559139784946

"2834.c1"	2834	2	[]	0	[1, 0, 0, -607, 5721]	[[-10, 109], [16, 5]]
63, 29, 7, 0.6847826086956522

"2836.a1"	2836	2	[]	0	[0, 0, 0, -64, 196]	[[4, 2], [0, 14]]
66, 28, 8, 0.7021276595744681

"2837.a1"	2837	2	[]	0	[0, 1, 1, -4, -4]	[[-1, 0], [-2, 0]]
65, 30, 12, 0.6842105263157895

"2843.a1"	2843	2	[]	0	[1, -1, 1, 3, 0]	[[0, 0], [1, 1]]
65, 30, 12, 0.6842105263157895

"2848.a1"	2848	2	[]	0	[0, 0, 0, -28, 64]	[[2, 4], [4, 4]]
69, 24, 7, 0.7419354838709677

"2859.a1"	2859	2	[]	0	[1, 1, 1, -1, 2]	[[0, 1], [1, 1]]
59, 35, 15, 0.6276595744680851

"2862.a1"	2862	2	[]	0	[1, -1, 0, -81, 301]	[[5, -1], [2, 11]]
63, 29, 9, 0.6847826086956522

"2868.a1"	2868	2	[]	0	[0, -1, 0, -22, 49]	[[4, 3], [-2, 9]]
65, 27, 5, 0.7065217391304348

"2874.a1"	2874	2	[]	0	[1, 0, 1, -28, 62]	[[4, 2], [1, 5]]
62, 30, 11, 0.6739130434782609

"2882.a1"	2882	2	[]	0	[1, 0, 0, -210, 1156]	[[6, 8], [12, 14]]
62, 30, 12, 0.6739130434782609

"2899.a1"	2899	2	[]	0	[0, 1, 1, -1, 2]	[[0, 1], [-2, 0]]
60, 33, 11, 0.6451612903225806

"2913.a1"	2913	2	[]	0	[1, 0, 0, 8, 11]	[[-1, 2], [2, 5]]
64, 30, 7, 0.6808510638297872

"2918.b1"	2918	2	[]	0	[1, 0, 0, -80, 256]	[[0, 16], [4, 0]]
66, 28, 9, 0.7021276595744681

"2924.a1"	2924	2	[]	0	[0, -1, 0, -17, 34]	[[3, 1], [2, 2]]
74, 18, 15, 0.8043478260869565

"2953.a1"	2953	2	[]	0	[1, 0, 0, -9, 10]	[[2, 0], [1, 1]]
60, 35, 10, 0.631578947368421

"2955.a1"	2955	2	[]	0	[0, 1, 1, -86, 266]	[[7, 7], [-8, 22]]
64, 28, 13, 0.6956521739130435

"2986.a1"	2986	2	[]	0	[1, 0, 1, -15, 20]	[[2, -1], [0, 4]]
63, 31, 9, 0.6702127659574468

"2986.b1"	2986	2	[]	0	[1, 0, 0, -17, 169]	[[10, 27], [-6, 11]]
64, 30, 12, 0.6808510638297872

"2996.a1"	2996	2	[]	0	[0, 0, 0, -52, 145]	[[6, 7], [-8, 7]]
62, 30, 12, 0.6739130434782609

"3004.a1"	3004	2	[]	0	[0, 1, 0, 6, 1]	[[0, 1], [2, 5]]
69, 25, 11, 0.7340425531914894

"3032.a1"	3032	2	[]	0	[0, 1, 0, 4, 16]	[[-2, 2], [0, 4]]
57, 36, 15, 0.6129032258064516

"3044.a1"	3044	2	[]	0	[0, 1, 0, -6, 1]	[[0, 1], [2, 1]]
64, 30, 12, 0.6808510638297872

"3046.a1"	3046	2	[]	0	[1, 0, 1, -6, -4]	[[-1, 1], [-2, 1]]
64, 30, 12, 0.6808510638297872

"3054.a1"	3054	2	[]	0	[1, 0, 1, -68, 182]	[[0, 13], [9, 13]]
62, 31, 12, 0.6666666666666666

"3073.a1"	3073	2	[]	0	[1, 0, 0, 31, -110]	[[3, 2], [17, 65]]
66, 27, 11, 0.7096774193548387

"3086.a1"	3086	2	[]	0	[1, -1, 0, -1, 3]	[[1, 1], [-1, 2]]
66, 28, 13, 0.7021276595744681

"3102.a1"	3102	2	[]	0	[1, 1, 0, -227, 1485]	[[-2, 45], [-13, 56]]
63, 28, 18, 0.6923076923076923

"3112.a1"	3112	2	[]	0	[0, 1, 0, -17, -29]	[[-3, 2], [-2, 1]]
63, 30, 8, 0.6774193548387096

"3134.a1"	3134	2	[]	0	[1, 1, 0, -5, 1]	[[0, 1], [2, 1]]
68, 26, 18, 0.723404255319149

"3145.a1"	3145	2	[]	0	[0, -1, 1, -50, -42]	[[14, 42], [-3, 8]]
63, 29, 14, 0.6847826086956522

"3176.a1"	3176	2	[]	0	[0, 1, 0, -408, 3040]	[[12, 4], [-4, 68]]
58, 35, 9, 0.6236559139784946

"3185.b1"	3185	2	[]	0	[1, 0, 0, -1, 6]	[[1, 2], [-1, 3]]
62, 30, 10, 0.6739130434782609

"3200.a1"	3200	2	[]	0	[0, 0, 0, -100, 400]	[[10, 20], [0, 20]]
63, 30, 9, 0.6774193548387096

"3206.a1"	3206	2	[]	0	[1, 1, 0, -9, 1]	[[4, 5], [-3, 5]]
66, 26, 15, 0.717391304347826

"3220.a1"	3220	2	[]	0	[0, 0, 0, -13, 37]	[[11, 35], [1, 5]]
64, 27, 12, 0.7032967032967034

"3260.a1"	3260	2	[]	0	[0, 1, 0, -21, 55]	[[-3, 10], [1, 6]]
66, 26, 9, 0.717391304347826

"3261.b1"	3261	2	[]	0	[1, 0, 0, -472, 3851]	[[29, 107], [11, -1]]
67, 27, 11, 0.7127659574468085

"3262.a1"	3262	2	[]	0	[1, 1, 0, 54, -44]	[[4, 14], [36, 206]]
65, 27, 7, 0.7065217391304348

"3278.a1"	3278	2	[]	0	[1, 1, 0, -311, 1765]	[[-7, 64], [26, 97]]
65, 27, 10, 0.7065217391304348

"3284.a1"	3284	2	[]	0	[0, 0, 0, -31, 70]	[[3, 2], [-1, 10]]
68, 26, 14, 0.723404255319149

"3286.a1"	3286	2	[]	0	[1, -1, 0, -28, -176]	[[40, 228], [9, 11]]
60, 32, 14, 0.6521739130434783

"3303.a1"	3303	2	[]	0	[1, -1, 1, -59, 182]	[[6, 1], [-3, 19]]
62, 31, 7, 0.6666666666666666

"3324.a1"	3324	2	[]	0	[0, -1, 0, -4, 40]	[[-2, 6], [2, 6]]
59, 33, 13, 0.6413043478260869

"3328.a1"	3328	2	[]	0	[0, 0, 0, -118, 496]	[[3, 13], [16, 52]]
65, 28, 13, 0.6989247311827957

"3328.c1"	3328	2	[]	0	[0, -1, 0, -7, -661]	[[49, 338], [10, 13]]
66, 27, 10, 0.7096774193548387

"3328.c2"	3328	2	[]	0	[0, -1, 0, -7, 11]	[[1, 2], [2, 1]]
65, 28, 10, 0.6989247311827957

"3333.a1"	3333	2	[]	0	[0, -1, 1, -52, 162]	[[6, 5], [4, 1]]
69, 23, 15, 0.75

"3333.c1"	3333	2	[]	0	[0, -1, 1, -221, 1340]	[[8, 4], [-10, 49]]
69, 23, 12, 0.75

"3336.a1"	3336	2	[]	0	[0, -1, 0, -12, 36]	[[0, 6], [6, 12]]
62, 30, 7, 0.6739130434782609

"3339.a1"	3339	2	[]	0	[0, 0, 1, -279, 1802]	[[3, 31], [9, 4]]
64, 28, 13, 0.6956521739130435

"3344.a1"	3344	2	[]	0	[0, 0, 0, -91, 394]	[[21, 88], [5, 8]]
61, 31, 10, 0.6630434782608695

"3365.a1"	3365	2	[]	0	[0, 1, 1, -40, 56]	[[-5, 12], [0, 7]]
67, 27, 13, 0.7127659574468085

"3370.d1"	3370	2	[]	0	[1, -1, 1, -63, 231]	[[-5, 22], [3, 6]]
64, 28, 12, 0.6956521739130435

"3380.a1"	3380	2	[]	0	[0, 0, 0, -13, 13]	[[-1, 5], [1, 1]]
60, 32, 22, 0.6521739130434783

"3384.a1"	3384	2	[]	0	[0, 0, 0, -84, 164]	[[10, 18], [-2, 18]]
66, 26, 10, 0.717391304347826

"3397.b1"	3397	2	[]	0	[0, 0, 1, 10, -22]	[[24, 118], [17/2, 75/2]]
63, 30, 10, 0.6774193548387096

"3403.a1"	3403	2	[]	0	[1, 1, 1, -28, 48]	[[8, 16], [2, 1]]
59, 34, 14, 0.6344086021505376

"3404.b1"	3404	2	[]	0	[0, -1, 0, -93, 361]	[[15, 46], [3, 10]]
62, 30, 9, 0.6739130434782609

"3419.a1"	3419	2	[]	0	[1, 0, 0, -7, 6]	[[1, 0], [2, 0]]
69, 24, 15, 0.7419354838709677

"3424.a1"	3424	2	[]	0	[0, 0, 0, -1, 4]	[[1, 2], [-1, 2]]
60, 33, 15, 0.6451612903225806

"3425.a1"	3425	2	[]	0	[1, -1, 1, -130, 622]	[[4, 10], [14, 30]]
63, 30, 9, 0.6774193548387096

"3442.b1"	3442	2	[]	0	[1, -1, 1, -1191, 16095]	[[19, -2], [-29, 174]]
61, 33, 11, 0.648936170212766

"3442.c1"	3442	2	[]	0	[1, 1, 1, -10, -9]	[[-3, 3], [-1, 1]]
64, 30, 8, 0.6808510638297872

"3448.a1"	3448	2	[]	0	[0, -1, 0, -52, 164]	[[4, 2], [8, 14]]
61, 32, 6, 0.6559139784946236

"3450.a1"	3450	2	[]	0	[1, 1, 0, -25, 25]	[[0, 5], [-5, 10]]
61, 30, 9, 0.6703296703296703

"3454.a1"	3454	2	[]	0	[1, -1, 0, 11, -11]	[[2, 3], [1, 0]]
61, 31, 8, 0.6630434782608695

"3454.b1"	3454	2	[]	0	[1, 1, 0, -51, 121]	[[4, -3], [0, 11]]
60, 32, 9, 0.6521739130434783

"3455.a1"	3455	2	[]	0	[0, 1, 1, 0, 6]	[[0, 2], [5, 12]]
65, 29, 15, 0.6914893617021277

"3455.c1"	3455	2	[]	0	[0, 0, 1, -602, 5685]	[[13, 7], [57/2, 1/2]]
62, 32, 9, 0.6595744680851063

"3456.a1"	3456	2	[]	0	[0, 0, 0, -84, 304]	[[2, 12], [8, 12]]
65, 28, 7, 0.6989247311827957

"3479.a1"	3479	2	[]	0	[1, -1, 1, -27, 60]	[[2, 2], [4, 0]]
62, 31, 11, 0.6666666666666666

"3483.a1"	3483	2	[]	0	[1, -1, 1, -11, -8]	[[-2, 2], [4, -1]]
65, 28, 12, 0.6989247311827957

"3489.a1"	3489	2	[]	0	[0, -1, 1, 6, -16]	[[3, 4], [2, 0]]
63, 31, 10, 0.6702127659574468

"3489.b1"	3489	2	[]	0	[0, -1, 1, -48, 146]	[[3, 4], [5, 2]]
66, 28, 16, 0.7021276595744681

"3489.c1"	3489	2	[]	0	[0, -1, 1, -5, 17]	[[-1, 4], [1, 3]]
64, 30, 12, 0.6808510638297872

"3496.a1"	3496	2	[]	0	[0, 0, 0, 5, -17]	[[7, 19], [3, 5]]
60, 32, 10, 0.6521739130434783

"3496.c1"	3496	2	[]	0	[0, 0, 0, -1484, 22004]	[[22, 2], [25, 23]]
62, 30, 6, 0.6739130434782609

"3497.a1"	3497	2	[]	0	[0, 1, 1, -26, 42]	[[0, 6], [2, 1]]
63, 30, 13, 0.6774193548387096

"3505.a1"	3505	2	[]	0	[0, 1, 1, -25, -46]	[[-4, 2], [6, 7]]
60, 34, 10, 0.6382978723404256

"3509.a1"	3509	2	[]	0	[0, 0, 1, -4477, 115464]	[[44, 60], [297/2, 3505/2]]
56, 37, 12, 0.6021505376344086

"3509.b1"	3509	2	[]	0	[0, 0, 1, -11, -14]	[[-2, 0], [4, 2]]
68, 25, 7, 0.7311827956989247

"3515.a1"	3515	2	[]	0	[0, 0, 1, -307, 1950]	[[18, 47], [-12, 62]]
60, 32, 12, 0.6521739130434783

"3525.a1"	3525	2	[]	0	[0, -1, 1, -18, 38]	[[2, 2], [3, 1]]
56, 36, 9, 0.6086956521739131

"3525.f1"	3525	2	[]	0	[0, -1, 1, -2033, -73282]	[[152, 1762], [373/2, 5871/2]]
52, 40, 3, 0.5652173913043478

"3525.f2"	3525	2	[]	0	[0, -1, 1, 217, 2093]	[[47, 337], [-3, 37]]
50, 42, 3, 0.5434782608695652

"3555.a1"	3555	2	[]	0	[1, -1, 1, -968, 11832]	[[20, 3], [-7, 138]]
66, 26, 12, 0.717391304347826

"3561.a1"	3561	2	[]	0	[0, 1, 1, -24, 56]	[[3, 4], [0, 7]]
62, 32, 12, 0.6595744680851063

"3562.a1"	3562	2	[]	0	[1, 0, 1, 6, 20]	[[2, 5], [0, 4]]
59, 33, 11, 0.6413043478260869

"3565.a1"	3565	2	[]	0	[0, -1, 1, 4, 12]	[[5, 11], [-3/2, 19/2]]
63, 29, 14, 0.6847826086956522

"3565.b1"	3565	2	[]	0	[1, 1, 0, -1783, 28898]	[[26, 18], [-14/3, 4826/3]]
63, 29, 17, 0.6847826086956522

"3568.c1"	3568	2	[]	0	[0, -1, 0, -24, -32]	[[-2, 2], [-3, 2]]
65, 28, 12, 0.6989247311827957

"3573.a1"	3573	2	[]	0	[1, -1, 1, -14, 22]	[[1, 2], [2, -2]]
59, 34, 6, 0.6344086021505376

"3575.a1"	3575	2	[]	0	[0, 0, 1, -25, 6]	[[10, 27], [-1, 5]]
65, 27, 13, 0.7065217391304348

"3586.c1"	3586	2	[]	0	[1, 0, 0, -232, 576]	[[-8, 48], [80, 664]]
65, 27, 9, 0.7065217391304348

"3595.a1"	3595	2	[]	0	[0, 1, 1, 4, 0]	[[0, 0], [1, 2]]
68, 26, 8, 0.723404255319149

"3633.a1"	3633	2	[]	0	[1, 1, 1, -7, 2]	[[2, 0], [-1, 3]]
61, 31, 7, 0.6630434782608695

"3634.a1"	3634	2	[]	0	[1, -1, 0, -220, 1312]	[[11, 6], [8, 0]]
60, 32, 11, 0.6521739130434783

"3634.d1"	3634	2	[]	0	[1, 1, 1, -267, -1223]	[[35, 166], [-11, 28]]
64, 28, 14, 0.6956521739130435

"3661.a1"	3661	2	[]	0	[0, 1, 1, 2, 8]	[[1, 3], [-1, 2]]
59, 35, 8, 0.6276595744680851

"3661.b1"	3661	2	[]	0	[0, 1, 1, -329, 3393]	[[-7, 73], [21/2, 339/2]]
62, 32, 10, 0.6595744680851063

"3664.a1"	3664	2	[]	0	[0, 0, 0, -43, 106]	[[5, 4], [3, 2]]
57, 36, 11, 0.6129032258064516

"3664.c1"	3664	2	[]	0	[0, -1, 0, -32, 64]	[[0, 8], [8, 16]]
64, 29, 12, 0.6881720430107527

"3664.e1"	3664	2	[]	0	[0, -1, 0, -12, 16]	[[0, 4], [4, 4]]
58, 35, 6, 0.6236559139784946

"3672.a1"	3672	2	[]	0	[0, 0, 0, -39, 106]	[[5, 6], [-7, 6]]
62, 30, 10, 0.6739130434782609

"3681.a1"	3681	2	[]	0	[0, 0, 1, -345, 2470]	[[13, 13], [11, 2]]
64, 29, 7, 0.6881720430107527

"3681.b1"	3681	2	[]	0	[0, 0, 1, 24, -5]	[[1, 4], [19, 85]]
68, 25, 9, 0.7311827956989247

"3684.a1"	3684	2	[]	0	[0, -1, 0, -9, 18]	[[3, 3], [-3, 3]]
52, 40, 14, 0.5652173913043478

"3686.d1"	3686	2	[]	0	[1, 0, 0, -149, 865]	[[18, 55], [2, 23]]
68, 24, 10, 0.7391304347826086

"3687.a1"	3687	2	[]	0	[1, 1, 1, -12, 0]	[[-2, 5], [7, 14]]
58, 36, 12, 0.6170212765957447

"3706.c1"	3706	2	[]	0	[1, 1, 0, 0, 4]	[[0, 2], [-2, 2]]
58, 34, 9, 0.6304347826086957

"3710.a1"	3710	2	[]	0	[1, -1, 0, -49, 193]	[[-3, 19], [2, 9]]
68, 23, 11, 0.7472527472527473

"3712.a1"	3712	2	[]	0	[0, 0, 0, 2, 4]	[[0, 2], [-1, 1]]
64, 29, 10, 0.6881720430107527

"3712.e1"	3712	2	[]	0	[0, -1, 0, -11, 19]	[[3, 2], [2, 1]]
67, 26, 10, 0.7204301075268817

"3714.e1"	3714	2	[]	0	[1, 1, 1, -50, 191]	[[9, 19], [-7, 19]]
57, 36, 9, 0.6129032258064516

"3718.a1"	3718	2	[]	0	[1, 0, 1, -30, 80]	[[13, 37], [2, 4]]
56, 36, 4, 0.6086956521739131

"3718.a2"	3718	2	[]	0	[1, 0, 1, 230, -960]	[[37, 223], [4, 3]]
56, 36, 4, 0.6086956521739131

"3731.a1"	3731	2	[]	0	[0, 1, 1, -112, 992]	[[28, 143], [-13, 20]]
62, 30, 11, 0.6739130434782609

"3737.a1"	3737	2	[]	0	[0, 0, 1, -8927, 324638]	[[167, 1868], [6572/11, 2011/11]]
66, 27, 8, 0.7096774193548387

"3742.a1"	3742	2	[]	0	[1, 0, 0, -9, 25]	[[2, 3], [-2, 7]]
67, 27, 9, 0.7127659574468085

"3752.d1"	3752	2	[]	0	[0, -1, 0, -12, 4]	[[0, 2], [4, 2]]
60, 32, 6, 0.6521739130434783

"3758.b1"	3758	2	[]	0	[1, 0, 1, -19, 30]	[[3, 0], [2, 0]]
67, 27, 14, 0.7127659574468085

"3758.d1"	3758	2	[]	0	[1, -1, 0, 4, -4]	[[2, 2], [1, 0]]
62, 32, 7, 0.6595744680851063

"3774.a1"	3774	2	[]	0	[1, 1, 0, 227, 1789]	[[42, 275], [10, 67]]
62, 29, 11, 0.6813186813186813

"3776.b1"	3776	2	[]	0	[0, 0, 0, 8, -8]	[[2, 4], [1, 1]]
62, 31, 9, 0.6666666666666666

"3776.g1"	3776	2	[]	0	[0, -1, 0, -37, 101]	[[5, 4], [4, 1]]
48, 45, 7, 0.5161290322580645

"3776.g2"	3776	2	[]	0	[0, -1, 0, 123, 421]	[[12, 59], [49/3, 944/3]]
55, 38, 7, 0.5913978494623656

"3779.a1"	3779	2	[]	0	[0, 0, 1, 2, -3]	[[1, 0], [3, 5]]
65, 30, 13, 0.6842105263157895

"3782.b1"	3782	2	[]	0	[1, -1, 0, -131, 613]	[[3, 14], [6, 1]]
58, 34, 11, 0.6304347826086957

"3784.b1"	3784	2	[]	0	[0, -1, 0, 199, -611]	[[5, 22], [17, 86]]
58, 34, 11, 0.6304347826086957

"3786.a1"	3786	2	[]	0	[1, 1, 0, 4, 6]	[[-1, 2], [1, 3]]
52, 41, 7, 0.5591397849462365

"3786.c1"	3786	2	[]	0	[1, 1, 1, -205, 1091]	[[7, 4], [23, 84]]
60, 33, 9, 0.6451612903225806

"3799.a1"	3799	2	[]	0	[0, 1, 1, -4, -18]	[[6, 14], [25/3, 1/3]]
57, 36, 8, 0.6129032258064516

"3801.a1"	3801	2	[]	0	[0, -1, 1, -14, 26]	[[2, 1], [3, 1]]
61, 31, 11, 0.6630434782608695

"3806.a1"	3806	2	[]	0	[1, -1, 0, -55, -101]	[[-5, 8], [-3, 7]]
58, 34, 13, 0.6304347826086957

"3806.f1"	3806	2	[]	0	[1, -1, 1, -1179, 15819]	[[23, 10], [-21, 186]]
66, 26, 11, 0.717391304347826

"3819.b1"	3819	2	[]	0	[0, -1, 1, -1, -42]	[[22, 100], [4, 1]]
57, 35, 12, 0.6195652173913043

"3826.a1"	3826	2	[]	0	[1, -1, 0, -7, 13]	[[2, 1], [-2, 5]]
59, 35, 12, 0.6276595744680851

"3829.a1"	3829	2	[]	0	[1, 0, 0, 7, 4]	[[1, 3], [4, 8]]
60, 34, 8, 0.6382978723404256

"3829.b1"	3829	2	[]	0	[0, 0, 1, 4, 7]	[[1, 3], [-5/3, 46/3]]
72, 22, 8, 0.7659574468085106

"3834.b1"	3834	2	[]	0	[1, -1, 0, 12, 224]	[[4, 16], [13, 43]]
66, 26, 9, 0.717391304347826

"3848.a1"	3848	2	[]	0	[0, -1, 0, -4089, 102013]	[[36, 13], [49, 130]]
67, 25, 10, 0.7282608695652174

"3852.a1"	3852	2	[]	0	[0, 0, 0, -9, 1]	[[-1, 3], [5, 9]]
63, 29, 13, 0.6847826086956522

"3857.a1"	3857	2	[]	0	[1, 1, 1, -4332, 109570]	[[-70, 310], [46, 78]]
65, 27, 13, 0.7065217391304348

"3858.a1"	3858	2	[]	0	[1, 1, 0, 3, 45]	[[6, 15], [-3, 6]]
61, 32, 9, 0.6559139784946236

"3879.b1"	3879	2	[]	0	[1, -1, 1, -41, 182]	[[0, 13], [-6, 16]]
60, 33, 12, 0.6451612903225806

"3879.c1"	3879	2	[]	0	[0, 0, 1, -6, 2]	[[0, 1], [-2, 2]]
62, 31, 9, 0.6666666666666666

"3880.b1"	3880	2	[]	0	[0, 1, 0, -65, 163]	[[1, 10], [11, 30]]
64, 28, 8, 0.6956521739130435

"3883.b1"	3883	2	[]	0	[0, 1, 1, 1, 3]	[[-1, 1], [1, 2]]
68, 25, 7, 0.7311827956989247

"3886.c1"	3886	2	[]	0	[1, 1, 0, -1368, 18916]	[[25, 21], [-42, 88]]
65, 27, 11, 0.7065217391304348

"3886.f1"	3886	2	[]	0	[1, 0, 0, -24, 64]	[[0, 8], [4, 4]]
65, 27, 15, 0.7065217391304348

"3888.a1"	3888	2	[]	0	[0, 0, 0, -27, 90]	[[-3, 12], [3, 6]]
60, 33, 11, 0.6451612903225806

"3914.a1"	3914	2	[]	0	[1, -1, 0, -28, 64]	[[4, 0], [3, -1]]
61, 31, 13, 0.6630434782608695

"3924.a1"	3924	2	[]	0	[0, 0, 0, -21, 101]	[[-5, 9], [1, 9]]
65, 27, 10, 0.7065217391304348

"3926.a1"	3926	2	[]	0	[1, 1, 0, -2, 10]	[[3, 5], [-1/2, 27/2]]
61, 31, 11, 0.6630434782608695

"3928.a1"	3928	2	[]	0	[0, -1, 0, 1, 4]	[[-1, 1], [0, 2]]
61, 32, 11, 0.6559139784946236

"3933.a1"	3933	2	[]	0	[0, 0, 1, -3, 130]	[[-1, 11], [22, 103]]
56, 36, 11, 0.6086956521739131

"3940.a1"	3940	2	[]	0	[0, 0, 0, -757, 7981]	[[12, 25], [-13, 125]]
61, 31, 13, 0.6630434782608695

"3940.c1"	3940	2	[]	0	[0, -1, 0, -6, 1]	[[0, 1], [-2, 1]]
64, 28, 9, 0.6956521739130435

"3952.a1"	3952	2	[]	0	[0, 0, 0, -979, 11794]	[[17, 8], [23, 38]]
64, 28, 11, 0.6956521739130435

"3952.d1"	3952	2	[]	0	[0, 0, 0, 16, -36]	[[5, 13], [2, 2]]
59, 33, 13, 0.6413043478260869

"3954.a1"	3954	2	[]	0	[1, 1, 0, -24, 36]	[[3, 0], [2, 0]]
60, 33, 13, 0.6451612903225806

"3954.e1"	3954	2	[]	0	[1, 1, 1, -127, 485]	[[11, 18], [5, 0]]
59, 34, 11, 0.6344086021505376

"3956.b1"	3956	2	[]	0	[0, -1, 0, 22, 1]	[[12, 43], [0, 1]]
61, 31, 8, 0.6630434782608695

"3959.a1"	3959	2	[]	0	[0, 0, 1, -334, 2349]	[[19, 53], [9, 8]]
64, 29, 6, 0.6881720430107527

"3966.a1"	3966	2	[]	0	[1, 0, 1, -75, 250]	[[5, 0], [-1, 18]]
57, 36, 13, 0.6129032258064516

"3967.a1"	3967	2	[]	0	[1, 0, 0, 2, 3]	[[-1, 1], [1, 2]]
66, 29, 9, 0.6947368421052632

"3972.a1"	3972	2	[]	0	[0, -1, 0, -137, 666]	[[5, 9], [9, 9]]
59, 33, 13, 0.6413043478260869

"3974.c1"	3974	2	[]	0	[1, -1, 1, -51, 147]	[[3, 2], [5, -4]]
67, 27, 10, 0.7127659574468085

"3975.d1"	3975	2	[]	0	[0, -1, 1, -1083, 13943]	[[17, 12], [-33, 112]]
63, 29, 13, 0.6847826086956522

"3987.a1"	3987	2	[]	0	[1, -1, 1, -752, 8120]	[[16, -9], [18, 4]]
65, 28, 8, 0.6989247311827957

"3987.b1"	3987	2	[]	0	[1, -1, 1, 22, -142]	[[6, 10], [33, 172]]
62, 31, 11, 0.6666666666666666

"3988.a1"	3988	2	[]	0	[0, 0, 0, -16, 4]	[[0, 2], [4, 2]]
67, 27, 12, 0.7127659574468085

"3994.b1"	3994	2	[]	0	[1, -1, 1, -21, 45]	[[3, 0], [-1, 8]]
59, 35, 8, 0.6276595744680851

"3994.c1"	3994	2	[]	0	[1, 1, 1, 460, 2421]	[[-3, 33], [37/3, 1723/3]]
61, 33, 11, 0.648936170212766

"3997.a1"	3997	2	[]	0	[0, 0, 1, 4, 56]	[[8, 24], [2, 8]]
68, 26, 12, 0.723404255319149

"4006.a1"	4006	2	[]	0	[1, -1, 0, 4, -2]	[[1, 1], [3, 4]]
61, 33, 9, 0.648936170212766

"4006.b1"	4006	2	[]	0	[1, 0, 0, -87, 361]	[[6, 5], [22, 85]]
58, 36, 11, 0.6170212765957447

"4012.a1"	4012	2	[]	0	[0, 0, 0, -184, 961]	[[4, 17], [70/3, 17/3]]
64, 28, 11, 0.6956521739130435

"4014.b1"	4014	2	[]	0	[1, -1, 0, 255, -451]	[[34, 199], [7, 37]]
63, 29, 3, 0.6847826086956522

"4024.a1"	4024	2	[]	0	[0, -1, 0, 12, 4]	[[0, 2], [4, 10]]
63, 31, 13, 0.6702127659574468

"4025.a1"	4025	2	[]	0	[0, 0, 1, -325, 6156]	[[20, 87], [45, 287]]
64, 28, 10, 0.6956521739130435

"4046.a1"	4046	2	[]	0	[1, -1, 0, -343, 2461]	[[30, 121], [-21, 2]]
66, 26, 8, 0.717391304347826

"4064.b1"	4064	2	[]	0	[0, 0, 0, -59, 174]	[[5, 2], [-3, 18]]
63, 30, 11, 0.6774193548387096

"4066.c1"	4066	2	[]	0	[1, 0, 0, -912, 12544]	[[-16, 160], [288, 4720]]
69, 23, 9, 0.75

"4069.a1"	4069	2	[]	0	[0, 1, 1, -382, -2958]	[[-12, 6], [412/3, 7507/3]]
53, 40, 9, 0.5698924731182796

"4069.b1"	4069	2	[]	0	[0, 0, 1, -4, 0]	[[0, 0], [2, 0]]
55, 38, 7, 0.5913978494623656

"4075.a1"	4075	2	[]	0	[0, 0, 1, -50, 156]	[[0, 12], [25/2, 71/2]]
66, 27, 8, 0.7096774193548387

"4077.a1"	4077	2	[]	0	[0, 0, 1, -6, -5]	[[-1, 0], [5, 9]]
63, 30, 9, 0.6774193548387096

