surjcount, notsurjcount, primeordercount, surjpercentage

"19047851.a1"	19047851	5	[]	0	[0, 0, 1, -79, 342]	[[3, 11], [7, 11], [10, 23], [-6, 24], [4, 9]]
74, 21, 9, 0.7789473684210526

"64921931.a1"	64921931	5	[]	0	[0, 0, 1, -169, 930]	[[8, 9], [7, 9], [6, 11], [0, 30], [20, 74]]
72, 23, 9, 0.7578947368421053

"67445803.a1"	67445803	5	[]	0	[0, 1, 1, -30, 390]	[[2, 18], [-9, 3], [-7, 17], [-4, 21], [15, 59]]
78, 17, 9, 0.8210526315789474

"74129723.a1"	74129723	5	[]	0	[0, 0, 1, -301, 2052]	[[10, 6], [9, 8], [8, 12], [11, 8], [19, 56]]
83, 12, 13, 0.8736842105263158

"84602123.a1"	84602123	5	[]	0	[0, 0, 1, -457, 3786]	[[11, 9], [14, 11], [15, 17], [12, 5], [13, 6]]
77, 18, 9, 0.8105263157894737

"106974317.a1"	106974317	5	[]	0	[1, 0, 0, -575, 5236]	[[13, -6], [15, -1], [12, 4], [16, 6], [11, 11]]
75, 20, 12, 0.7894736842105263

"111061427.a1"	111061427	5	[]	0	[1, 0, 0, -245, 1366]	[[6, 8], [5, 14], [7, -6], [15, 26], [13, 14]]
76, 19, 12, 0.8

"117138251.a1"	117138251	5	[]	0	[0, -1, 1, -82, 622]	[[4, 18], [7, 18], [-4, 29], [11, 30], [2, 21]]
79, 16, 14, 0.8315789473684211

"122882843.a1"	122882843	5	[]	0	[0, -1, 1, -400, 3262]	[[11, 8], [13, 9], [14, 14], [7, 27], [20, 53]]
77, 18, 9, 0.8105263157894737

"138437407.a1"	138437407	5	[]	0	[1, -1, 1, -147, 420]	[[2, 10], [11, 1], [0, 20], [-6, 35], [3, -3]]
79, 16, 10, 0.8315789473684211

"161759189.a1"	161759189	5	[]	0	[0, 1, 1, -142, 182]	[[0, 13], [11, 8], [-2, 21], [1, 6], [13, 26]]
78, 17, 11, 0.8210526315789474

"169624549.a1"	169624549	5	[]	0	[0, 0, 1, -139, 72]	[[-1, 14], [-7, 26], [0, 8], [-2, 18], [-12, 3]]
69, 26, 5, 0.7263157894736842

"177858971.a1"	177858971	5	[]	0	[0, 0, 1, -679, 6840]	[[16, 8], [11, 26], [13, 14], [17, 14], [15, 5]]
78, 17, 12, 0.8210526315789474

"185220011.a1"	185220011	5	[]	0	[0, -1, 1, -482, 4290]	[[12, 9], [9, 24], [14, 9], [15, 14], [3, 53]]
74, 21, 12, 0.7789473684210526

"214371643.a1"	214371643	5	[]	0	[0, 1, 1, -100, 770]	[[7, 21], [-1, 29], [11, 33], [22, 98], [-4, 33]]
79, 16, 8, 0.8315789473684211

"232113701.a1"	232113701	5	[]	0	[0, 1, 1, -8506, 299132]	[[53, 0], [52, 11], [55, 26], [50, 36], [33, 235]]
69, 26, 12, 0.7263157894736842

"238055563.a1"	238055563	5	[]	0	[0, 1, 1, -214, 1346]	[[10, 17], [-1, 39], [2, 30], [12, 25], [8, 14]]
70, 25, 6, 0.7368421052631579

"271522949.a1"	271522949	5	[]	0	[0, 1, 1, -332, 2082]	[[13, 11], [6, 18], [3, 33], [8, 1], [17, 40]]
76, 19, 11, 0.8

"288935749.a1"	288935749	5	[]	0	[0, 0, 1, -259, 1380]	[[15, 29], [16, 36], [2, 29], [6, 6], [1, 33]]
80, 15, 16, 0.8421052631578947

